288,-0.472731,1.22464,0.121964,-1.85525,0.594695,-3.07989,3.13678,1.0701,0.84826
349,1.56317,0.86579,0.464746,-0.0421789,-1.09842,-0.907969,1.42511,0.551975,0.471804
700,-0.411865,0.536979,-0.328162,-2.20308,0.0837023,-2.74006,2.74134,0.580001,0.491035
904,2.2952,0.112203,-1.57685,-1.08601,2.41114,-1.19821,2.69245,0.551975,0.507326
1787,-0.113716,2.14883,0.919958,-0.1833,1.03367,-2.33213,2.55094,1.36422,1.2542
2495,-0.381861,0.357075,1.14551,-2.36772,1.52737,-2.7248,3.12368,0.857593,0.698185
2914,0.419335,0.482755,2.24958,-2.3989,1.83024,-2.88165,3.41375,0.536177,0.680114
3087,-2.2495,0.249305,-2.77199,-2.29345,-0.522492,-2.54275,2.59588,0.558956,0.45982
3270,-1.83727,0.674275,-0.311543,-1.55793,1.52573,-2.23221,2.70381,0.78301,0.773903
3604,2.91292,1.24976,2.38167,-2.27576,-0.531246,-3.52552,3.56532,0.701274,0.572787
3803,-0.315255,0.0304091,0.889369,-1.03045,1.20462,-1.06085,1.60516,0.588125,0.465251
4319,1.83768,0.190807,1.94637,-0.873187,0.108691,-1.06399,1.06953,1.4848,1.25637
4328,1.98821,2.0738,-0.775679,-0.959971,-2.76389,-3.03377,4.104,0.551975,0.454063
5060,2.08242,1.72808,2.53682,-2.08241,0.454405,-3.81049,3.83749,1.69671,1.29925
5099,-1.50317,0.515927,-2.52605,-0.133067,-1.02288,-0.648994,1.2114,1.4848,1.148
5242,1.12575,0.171123,2.53371,-1.84042,1.40796,-2.01154,2.45533,1.1323,1.65683
5853,-1.15608,0.882771,-1.7083,-2.14361,-0.552222,-3.02638,3.07635,1.21219,1.01213
6167,3.08455,0.697271,-0.253612,-0.280301,2.94503,-0.977572,3.10304,1.72669,1.41889
7872,2.286,0.764689,-2.0958,-1.42244,1.90139,-2.18713,2.89807,0.999854,0.88804
7988,2.75535,0.343876,-1.81081,-0.729756,1.71702,-1.07363,2.02505,1.17566,1.0474
8513,0.641277,0.465013,-0.527046,-2.36522,-1.16832,-2.83024,3.0619,0.551975,0.464917
8711,-1.33449,1.14546,0.226978,-1.47741,1.56147,-2.62287,3.05248,0.532697,0.431864
8853,-1.51765,0.0194506,-2.03123,-1.21509,-0.513581,-1.23454,1.3371,1.72669,1.57233
8867,0.307903,2.26296,-0.668062,-1.07736,-0.975965,-3.34032,3.47998,0.952354,0.88652
9424,-1.79702,0.156326,-0.593856,-1.40064,1.20316,-1.55697,1.96768,1.69671,1.37407
9663,2.57431,1.01748,2.05997,-1.78449,-0.514336,-2.80197,2.84879,0.859931,0.80782
9682,-1.82944,1.13482,1.0138,-0.432808,2.84324,-1.56762,3.24676,0.725509,0.656296
9804,-0.743343,0.932869,3.07989,-1.97928,-2.45995,-2.91215,3.81208,1.03912,0.800194
9874,-0.858537,1.07877,-0.650047,-0.0495708,0.20849,-1.12834,1.14744,0.601332,0.472796
9968,2.30309,0.147473,-1.68798,-0.375195,2.29211,-0.522667,2.35095,0.619707,0.543891
10846,0.579669,1.56128,-3.05339,-2.10106,2.65013,-3.66234,4.52061,0.619707,0.652392
11166,1.07423,0.0113109,0.606896,-0.917027,-0.467333,-0.928338,1.03933,1.07173,0.861332
11610,-2.16628,0.414709,-0.833745,-0.664822,1.33254,-1.07953,1.71495,0.580001,0.487499
11903,-2.1997,0.946714,-0.244257,-0.738334,1.95545,-1.68505,2.58131,0.952354,0.754889
12219,-0.648499,1.78172,1.55814,-1.34797,2.20664,-3.12969,3.82939,1.57432,1.34741
12425,-0.960886,0.14277,-2.55838,-0.942707,-1.59749,-1.08548,1.93138,0.619707,0.620688
13103,-2.32435,0.42765,1.43828,-0.570165,-2.52055,-0.997815,2.71087,1.57432,1.25941
13240,2.56031,0.965465,-2.28212,-0.261729,1.44075,-1.22719,1.89255,1.38394,2.04586
13254,-0.195004,1.27035,0.496543,-1.41008,0.691547,-2.68042,2.7682,0.78301,0.647645
13976,-0.711292,0.252895,-1.27948,-1.3279,-0.568191,-1.5808,1.67981,0.532697,0.434881
14002,2.67283,0.873302,-1.58769,-2.21001,2.02267,-3.08331,3.68754,0.580001,0.666151
14178,-2.85651,1.63364,-0.731516,-0.922285,2.12499,-2.55593,3.32391,1.72669,1.73951
14802,0.862808,2.21343,-3.01401,-0.608854,2.40637,-2.82229,3.70889,1.03912,1.42931
15643,2.11835,0.25728,-1.24121,-0.0317954,2.92363,-0.289075,2.93788,0.999854,0.869639
15648,1.18252,1.47258,-1.24888,-0.739047,-2.4314,-2.21162,3.28679,0.754507,0.706562
15686,-1.65523,1.15459,1.13599,-0.505078,2.79121,-1.65966,3.24736,1.21219,1.12526
15688,-2.55348,1.36629,-0.869109,-1.75659,1.68437,-3.12288,3.54817,1.72949,1.44245
16169,-1.8127,0.193434,1.9043,-0.519969,-2.56619,-0.713404,2.66351,0.536177,0.469184
16297,0.449781,2.09931,1.07126,-1.78753,0.621483,-3.88684,3.93621,0.536177,0.451165
17059,2.86881,0.265521,-2.74913,-1.30124,0.66524,-1.56676,1.70214,0.558956,0.508053
18058,-2.24195,0.463365,2.46966,-0.113616,-1.57157,-0.576981,1.67414,1.13804,0.886907
18067,-0.64258,0.127737,2.5588,-0.428464,-3.08181,-0.556201,3.1316,0.536177,0.439698
18142,-2.12112,0.578677,2.15479,-0.505358,-2.00728,-1.08403,2.28129,0.558956,0.720078
18363,-1.17782,0.32724,1.00884,-2.29432,2.18666,-2.62156,3.4138,0.536177,0.414219
18480,-0.396042,2.10413,1.88957,-1.01796,2.28561,-3.12209,3.86929,0.952354,0.722774
18839,-2.01809,1.50561,-1.10679,-0.398902,0.911302,-1.90451,2.11131,1.63194,1.39253
20235,-1.4389,0.201006,-1.45869,-1.34438,-0.0197902,-1.54538,1.54551,0.857593,1.23043
20461,0.617143,0.232061,-1.46356,-1.54001,-2.08071,-1.77207,2.73305,0.601332,0.485442
21326,1.88727,2.02404,-1.53763,-0.516769,2.85829,-2.54081,3.82433,1.07173,1.02915
21585,1.4252,1.6454,0.393774,-0.150699,-1.03143,-1.7961,2.07119,1.36422,1.63722
21673,2.98112,0.0271597,-0.015892,-0.299284,-2.99701,-0.326443,3.01474,1.69671,1.5021
22258,-3.08054,0.446751,0.113764,-0.107582,-3.08888,-0.554333,3.13823,0.551975,0.474192
23134,-1.51272,1.85197,0.149985,-0.498951,1.6627,-2.35092,2.87948,1.57432,1.72005
23662,-2.46665,2.12491,-2.26825,-0.462242,0.198399,-2.58715,2.59475,0.580001,0.470534
23940,0.0736615,1.15048,1.11975,-0.85963,1.04609,-2.01011,2.26602,0.859931,0.712773
24268,-1.05453,1.59686,-0.296203,-1.85359,0.758323,-3.45046,3.5328,0.754507,0.685588
24279,-0.0466701,1.7761,2.41628,-0.750324,2.46295,-2.52643,3.5283,1.17566,0.944572
24447,-0.726424,0.0849808,-1.77871,-0.166897,-1.05229,-0.251878,1.08201,1.3211,1.08379
24602,-1.73642,1.75561,1.8234,-0.677345,-2.72337,-2.43295,3.65185,1.1323,0.969421
25102,1.33319,0.347419,-1.68665,-0.304738,-3.01985,-0.652157,3.08946,0.551975,0.478976
25131,2.91866,2.02798,-1.13712,-0.555864,2.22741,-2.58384,3.41139,1.21219,1.56389
25509,0.00314517,1.81517,1.86505,-0.332479,1.86191,-2.14765,2.84237,0.930989,0.742701
25902,-0.0287749,1.94838,-0.172623,-2.2326,-0.143848,-4.18098,4.18346,1.63194,1.3371
26208,2.91642,1.49608,2.48312,-1.76355,-0.433306,-3.25963,3.2883,1.17814,0.953909
26590,0.484153,0.476494,-2.38832,-0.0997218,-2.87248,-0.576216,2.9297,0.725509,0.777407
26615,-2.06301,0.7701,-1.20872,-2.27794,0.854286,-3.04804,3.1655,1.26535,1.5439
26651,0.839545,0.458175,-1.93169,-1.13953,-2.77123,-1.5977,3.19881,1.21219,1.09364
27011,-2.11251,1.39525,1.04937,-1.51924,-3.1213,-2.91449,4.27045,0.551975,0.518246
27796,-1.20734,0.176002,2.11928,-2.03403,-2.95656,-2.21003,3.69127,1.3211,1.10873
27942,-2.87213,1.11222,1.60691,-1.38878,-1.80415,-2.501,3.08382,0.619707,0.72639
28178,-3.02607,1.91261,2.44562,-1.48227,-0.811496,-3.39488,3.49052,1.56429,1.29805
28264,-1.74878,1.03569,1.84522,-0.263743,-2.68919,-1.29943,2.98668,0.619707,0.50049
28331,1.84118,1.14336,-2.87639,-0.0324716,1.56561,-1.17584,1.95799,0.580001,0.465468
28682,-0.660538,0.851639,2.59764,-0.294709,-3.02501,-1.14635,3.23493,1.1323,1.03823
28848,-2.71679,1.83055,0.599185,-0.385126,-2.96721,-2.21568,3.70318,0.551975,0.78508
28886,2.62962,0.215095,-1.15484,-1.38329,2.49872,-1.59838,2.96622,1.56429,1.25644
28974,-2.37559,1.54758,1.11281,-1.62564,-2.79478,-3.17322,4.22849,0.664135,0.627046
29440,-1.81641,1.01309,-0.758464,-1.86153,1.05795,-2.87462,3.06312,0.823977,0.696133
29465,1.66393,2.04111,-1.6583,-0.879202,2.96095,-2.92032,4.15878,0.754507,0.613128
30704,2.584,1.22586,-0.617565,-0.790811,3.08162,-2.01667,3.68284,1.17814,1.06207
31190,-2.22878,0.613998,-1.98322,-1.64986,0.245564,-2.26386,2.27714,1.69909,1.34946
31858,-0.676425,0.960738,0.395326,-1.7869,1.07175,-2.74764,2.94927,0.551975,0.395601
32016,0.82309,1.62515,0.164584,-1.05854,-0.658506,-2.68369,2.7633,1.26535,1.06788
32058,3.1185,0.678557,0.205821,-1.12346,-2.91268,-1.80201,3.42505,1.69671,2.80794
32745,-0.201417,1.84688,2.24972,-0.301068,2.45114,-2.14795,3.25911,0.558956,0.44585
32896,2.33899,0.883701,-1.45336,-0.626736,2.49084,-1.51044,2.91302,1.03912,0.890942
33195,0.207604,0.754565,-2.36688,-1.68541,-2.57448,-2.43997,3.54703,0.551975,0.471001
33529,-2.49852,2.08093,-0.568724,-2.3317,1.9298,-4.41263,4.81616,0.725509,0.639783
33889,-0.139601,0.410483,-2.70632,-1.29929,-2.56672,-1.70977,3.08405,0.668192,0.593819
34155,1.56304,1.24496,-1.43302,-1.94452,-2.99606,-3.18948,4.37598,1.07173,0.873332
34240,-2.84403,0.552492,0.256133,-0.45599,3.10016,-1.00848,3.26006,0.754507,0.725537
34300,-1.06769,0.782432,-2.03905,-2.11276,-0.971364,-2.89519,3.0538,0.580001,0.50099
34857,0.596926,0.339033,-2.38841,-2.1744,-2.98534,-2.51343,3.90251,0.664135,0.593293
34884,1.22945,1.04087,-0.00075208,-0.799786,-1.2302,-1.84065,2.21391,1.36422,1.03845
34896,-1.65806,0.902172,-0.527664,-0.147969,1.1304,-1.05014,1.54292,0.857593,0.784277
34975,0.944517,2.03036,0.144186,-0.927594,-0.800332,-2.95795,3.06431,1.69671,1.68171
35012,2.55575,1.97399,0.43287,-0.0869224,-2.12288,-2.06091,2.95871,1.17566,0.888936
35164,0.845931,1.34975,-0.885701,-0.813147,-1.73163,-2.1629,2.77068,0.668192,0.5541
35359,2.41996,0.682562,-0.399979,-0.00498252,-2.81994,-0.687544,2.90255,0.967804,0.775494
35578,-1.0248,0.582121,2.85499,-0.856452,-2.4034,-1.43857,2.80104,0.725509,1.01017
35717,-2.59571,1.46134,-0.399952,-2.38154,2.19575,-3.84288,4.42595,1.4848,1.2188
35726,2.80035,2.21563,-2.36063,-2.37343,1.12221,-4.58906,4.72428,1.26535,1.08005
35787,2.96036,1.58401,-1.73327,-0.100248,1.58956,-1.68425,2.3159,0.664135,0.544842
35853,-3.10155,2.27913,-2.67452,-0.691647,0.427024,-2.97077,3.00131,1.21219,0.986151
36626,1.61668,2.04639,3.07909,-2.01651,1.46241,-4.06289,4.31807,0.619707,0.675975
37786,2.82985,0.73755,0.850095,-2.13485,-1.97976,-2.8724,3.48857,1.26535,1.12132
38867,-1.78363,1.01695,1.68176,-0.782158,-2.8178,-1.79911,3.34317,0.930989,0.767624
39062,2.1834,1.56329,-0.904615,-1.2398,-3.08802,-2.80309,4.17052,0.930989,0.754066
39066,-1.80637,0.650036,-2.23723,-2.10148,-0.430854,-2.75152,2.78505,1.26535,1.03936
39392,0.834015,2.23118,1.64366,-2.31039,0.80965,-4.54157,4.61318,0.253262,0.378732
39833,-1.08834,0.548137,1.80098,-1.39749,2.88932,-1.94563,3.48334,1.21219,1.00993
40055,-2.96001,1.95437,-2.61003,-2.06442,0.349979,-4.01879,4.034,0.558956,0.448324
40098,-2.36907,0.0147911,0.0926955,-0.203275,2.46176,-0.218066,2.4714,1.14155,0.950694
40267,-0.61096,0.731621,1.80238,-0.24852,2.41334,-0.98014,2.60479,1.13804,1.06611
40805,-0.584816,0.224465,1.86651,-2.34723,2.45133,-2.5717,3.55283,1.26535,1.0651
40817,2.14587,2.31765,1.32446,-2.3739,-0.821403,-4.69155,4.76292,0.580001,0.494104
40894,0.26419,1.14758,0.0794398,-0.191842,-0.184751,-1.33942,1.3521,0.967804,0.778182
42176,3.12909,2.25139,2.45463,-2.34565,-0.67446,-4.59704,4.64626,1.26535,1.04372
42206,2.65139,0.0115473,0.891412,-1.56451,-1.75998,-1.57606,2.36252,1.0701,0.876299
42208,1.55944,1.04794,-1.3189,-1.87438,-2.87834,-2.92232,4.10181,1.4848,1.3436
42290,0.508358,0.178483,2.21161,-1.50315,1.70325,-1.68163,2.39352,0.619707,0.955748
42408,1.17087,0.311183,-0.0881863,-0.119936,-1.25906,-0.431119,1.33082,0.536177,0.474586
42557,-1.62629,2.24654,1.09839,-1.57122,2.72469,-3.81776,4.69033,0.999854,0.853331
42606,-1.07906,0.730739,1.1705,-2.19522,2.24956,-2.92596,3.69076,1.21219,1.17456
42909,2.29284,2.02623,0.500224,-0.0527577,-1.79261,-2.07899,2.74512,1.36422,1.13089
43088,-0.425793,0.797899,-0.485496,-2.22668,-0.0597032,-3.02458,3.02517,0.999854,0.831771
43529,0.218323,1.06873,0.376438,-1.00542,0.158115,-2.07415,2.08017,0.601332,0.560109
43602,2.4529,0.0236498,-3.11121,-0.132492,0.719076,-0.156141,0.735834,1.14155,0.952632
43824,-0.213106,1.71539,-2.59798,-0.248289,-2.38487,-1.96368,3.08928,0.532697,0.514956
43826,2.45976,0.655017,3.06578,-2.29829,0.606024,-2.95331,3.01484,1.1323,0.978993
43835,1.28543,1.94484,-0.434848,-0.823731,-1.72028,-2.76857,3.2595,1.17814,0.954771
43951,2.539,0.389172,1.52844,-1.98355,-1.01056,-2.37272,2.57896,1.21219,1.62669
44388,0.381521,0.0110728,-0.855928,-0.261687,-1.23745,-0.27276,1.26715,1.3211,1.07473
44586,1.19401,1.46139,-1.15304,-1.06867,-2.34705,-2.53005,3.45106,0.536177,0.528692
44905,-1.71408,1.09962,-2.45359,-1.41775,-0.739512,-2.51737,2.62375,0.619707,0.478899
45003,-0.159667,0.88897,-0.863475,-0.669542,-0.703808,-1.55851,1.71006,0.551975,0.802193
45783,-2.05029,0.562416,0.228426,-1.64107,2.27871,-2.20349,3.16984,1.4848,1.1974
46027,-2.57814,0.428564,-1.91765,-1.49971,0.66049,-1.92827,2.03825,1.14155,1.04931
46329,1.17033,0.269253,-1.95621,-1.07218,-3.12654,-1.34143,3.40216,0.967804,0.83331
46522,-1.72487,0.755455,-0.439957,-2.36914,1.28491,-3.1246,3.37848,0.580001,0.547433
47135,2.07609,1.61256,0.105998,-2.15912,-1.97009,-3.77168,4.25521,1.63194,1.26811
47161,-1.6044,1.84895,0.393332,-1.68844,1.99773,-3.53739,4.06252,1.3211,1.09952
47524,0.624247,1.66279,-1.84913,-0.438005,-2.47337,-2.1008,3.24514,0.999854,0.804956
47535,-2.53329,1.55204,-1.95646,-0.056012,0.576834,-1.60805,1.70838,1.42304,1.15848
47745,1.28726,1.64872,2.88037,-0.383297,1.5931,-2.03202,2.58207,0.930989,0.762182
47856,-1.51557,0.515115,-1.24175,-0.0958705,0.273821,-0.610985,0.669538,0.551975,0.452266
48331,-1.36996,1.68879,0.817783,-0.565024,2.18774,-2.25382,3.141,0.725509,0.589394
49236,-0.791295,1.99211,-0.32046,-1.15287,0.470835,-3.14498,3.18003,1.17566,1.7902
49288,-2.71877,0.898355,-2.08851,-0.793975,0.630257,-1.69233,1.80588,0.619707,0.622691
49419,-1.58166,0.619944,-2.81142,-1.79826,-1.22976,-2.4182,2.71293,0.930989,0.785337
49447,0.178331,0.727009,-2.49407,-1.55832,-2.6724,-2.28533,3.51631,0.532697,0.418819
49639,-0.133709,2.08498,-0.203456,-0.0766475,-0.0697468,-2.16163,2.16275,1.1323,1.03093
49690,0.889395,2.03701,-1.65032,-0.601211,-2.53971,-2.63822,3.66202,0.580001,0.553378
49713,1.33884,1.85674,2.93807,-1.05209,1.59923,-2.90883,3.31946,0.668192,0.63565
50091,-1.32161,1.81133,-0.482127,-1.17991,0.839485,-2.99124,3.10681,0.725509,0.622742
50198,1.38942,0.239837,-0.602997,-0.0743677,-1.99241,-0.314204,2.01704,1.21219,1.07082
50202,0.756366,1.61686,-1.49269,-0.302962,-2.24906,-1.91983,2.95702,0.930989,0.799495
50565,3.03275,1.47289,-0.0958889,-1.73382,-3.12864,-3.20671,4.48011,0.78301,0.611304
50728,1.41456,0.638104,0.0982726,-1.57424,-1.31629,-2.21234,2.57431,1.36422,1.0566
51062,-0.287782,0.118342,1.13005,-0.682538,1.41783,-0.80088,1.62839,0.558956,0.684058
51587,-0.693156,2.35611,2.7104,-1.7154,-2.87963,-4.07151,4.98693,0.536177,0.45872
51597,1.13364,2.29007,-0.75306,-1.05793,-1.8867,-3.34799,3.84301,0.166458,0.163269
52886,2.56764,2.2765,0.570744,-1.41703,-1.99689,-3.69353,4.19878,0.725509,0.597295
53471,-2,0.327702,1.00236,-0.509116,3.00236,-0.836818,3.1168,0.78301,0.642316
53596,0.786814,0.062833,2.80321,-0.367691,2.0164,-0.430524,2.06184,1.21219,1.1391
54803,0.387424,0.741665,-0.317203,-2.38654,-0.704627,-3.12821,3.20659,1.3211,1.06818
55087,-1.56257,2.38107,-1.41838,-0.413668,0.14419,-2.79474,2.79845,1.0701,0.996926
55267,-1.3368,1.48877,-1.28653,-0.0381772,0.050267,-1.52695,1.52777,0.536177,0.484929
55909,2.94348,1.21354,-0.345443,-0.280802,2.99426,-1.49434,3.34644,0.857593,1.03222
56277,-1.93846,0.661614,-2.5382,-0.738442,-0.599736,-1.40006,1.5231,1.21219,0.995866
56766,-1.90049,1.17849,-0.415771,-0.149813,1.48472,-1.3283,1.99218,1.21219,1.01222
58706,2.34736,2.26414,-1.89895,-0.106525,2.03687,-2.37066,3.12552,1.69671,1.39966
59868,2.22445,0.0173816,-1.1097,-0.392887,2.94904,-0.410269,2.97744,1.0701,1.31813
61216,1.07055,1.99,-0.491662,-0.200321,-1.56222,-2.19032,2.69035,0.619707,0.551531
61264,-1.11897,0.66586,-0.593076,-0.0838025,0.525895,-0.749662,0.915729,0.857593,0.772149
61316,-0.608165,0.430903,1.46462,-2.08238,2.07278,-2.51328,3.25776,0.78301,0.651055
61497,1.06287,2.26192,-1.62023,-1.88694,-2.68311,-4.14886,4.94086,0.532697,0.438823
62088,0.72136,0.637709,-1.42884,-0.890555,-2.1502,-1.52826,2.63799,1.63194,1.30748
62093,1.23937,1.34641,-1.53999,-1.6112,-2.77936,-2.95761,4.05861,0.859931,0.725429
62102,-1.62199,1.08566,2.373,-1.64787,-2.2882,-2.73353,3.56483,1.07173,0.915983
62180,0.617226,1.12842,-0.066452,-1.73981,-0.683678,-2.86823,2.94859,1.3211,1.64261
63542,1.26573,1.90772,-1.50969,-1.09618,-2.77541,-3.0039,4.08978,1.14155,1.39547
64116,0.517091,0.577307,2.86508,-2.09781,2.34799,-2.67511,3.55939,1.72949,1.53302
64335,2.33074,0.248513,0.957847,-0.573799,-1.37289,-0.822312,1.60032,1.14155,0.930439
64531,-1.29575,0.314791,-1.00242,-1.03064,0.293332,-1.34543,1.37703,1.0701,0.932888
64680,1.73817,0.925232,-0.46828,-0.555427,-2.20645,-1.48066,2.65721,1.26535,1.08619
64864,-2.05088,1.85559,-0.487394,-2.14743,1.56348,-4.00302,4.29751,0.536177,0.510282
65168,0.438417,0.61869,0.664931,-2.16269,0.226514,-2.78138,2.79059,0.967804,0.980789
65241,-2.00225,0.396368,-0.649199,-2.23421,1.35306,-2.63058,2.95816,1.56429,1.27649
65722,-2.1141,1.20039,0.680359,-2.20325,2.79446,-3.40363,4.40383,1.43951,1.41743
65842,-0.362012,0.474671,-0.858852,-1.28814,-0.496839,-1.76281,1.83149,0.601332,0.501979
65877,0.277479,0.84886,-1.44031,-1.6521,-1.71779,-2.50096,3.03407,1.14155,0.83076
66161,1.97984,0.17578,-3.04788,-0.0115832,1.25547,-0.187363,1.26938,1.21219,0.978735
66750,0.283814,2.36179,-1.98447,-2.34213,-2.26829,-4.70392,5.22226,0.580001,0.473056
66897,2.87782,0.548279,2.95053,-0.29334,0.0727015,-0.841619,0.844753,1.43951,1.23357
67062,0.789615,0.901182,1.70782,-0.140485,0.918202,-1.04167,1.38858,0.999854,1.42315
67221,2.03508,0.388859,2.30623,-0.837282,0.271148,-1.22614,1.25576,0.930989,0.821325
67515,-0.969123,1.87147,-1.93486,-1.60711,-0.965736,-3.47858,3.61015,0.754507,0.715971
68154,1.9624,0.862554,2.17542,-2.07615,0.213024,-2.9387,2.94641,0.536177,0.482557
68192,2.62399,1.37941,-2.57564,-0.250029,1.08355,-1.62944,1.95682,0.580001,0.487789
68287,2.54486,1.84228,-2.85815,-0.48336,0.880173,-2.32564,2.48662,0.536177,0.437944
68912,-1.76379,0.782787,1.98945,-1.08949,-2.52994,-1.87228,3.14738,0.558956,0.60246
69261,-0.324393,1.03162,0.519154,-1.63812,0.843547,-2.66974,2.79984,0.725509,0.651698
70147,-2.88707,1.06088,-0.288626,-0.65129,2.59844,-1.71217,3.11182,0.601332,0.479506
70304,1.47698,1.1965,-0.28335,-1.17653,-1.76033,-2.37303,2.95466,0.558956,0.455469
70474,-2.13165,1.20375,2.28981,-0.0505938,-1.86172,-1.25435,2.24486,1.72949,1.47997
70712,-2.50751,1.78802,2.25395,-0.106258,-1.52172,-1.89428,2.4298,1.4848,1.2298
70818,-2.94427,0.477636,-2.63693,-2.13418,0.307344,-2.61181,2.62983,1.26535,1.11851
70877,-1.92776,0.966346,1.28562,-1.30043,-3.06981,-2.26677,3.81602,0.859931,0.729719
70943,-2.12263,1.1454,2.93978,-0.455184,-1.22077,-1.60058,2.013,1.07173,0.957801
71070,0.154462,0.500792,3.10589,-0.125622,2.95143,-0.626415,3.01717,1.14155,0.965986
71294,2.1865,0.254419,2.88688,-1.06509,0.70038,-1.31951,1.49387,0.558956,0.46162
71303,1.39855,1.88909,0.385803,-1.89091,-1.01274,-3.78,3.91332,0.558956,0.421451
71326,0.37959,0.835071,-2.20546,-1.155,-2.58505,-1.99007,3.26234,0.668192,0.549012
71348,-0.255885,0.631429,-2.72773,-1.6258,-2.47185,-2.25723,3.34741,0.754507,0.690324
71746,2.89267,0.0994413,1.33137,-1.5237,-1.5613,-1.62314,2.25216,0.532697,0.537835
72454,0.676265,1.76299,-2.72017,-0.674055,2.88675,-2.43705,3.7779,0.580001,0.494383
72554,0.482566,0.617475,1.757,-2.34102,1.27443,-2.9585,3.22132,1.26535,1.07467
72818,1.96282,0.286131,3.04599,-0.219229,1.08316,-0.50536,1.19525,1.14155,0.972394
73604,-1.75779,0.312862,-1.97134,-0.691209,-0.213541,-1.00407,1.02653,1.72949,1.47337
73987,1.70688,0.379186,-0.562966,-1.79215,-2.26985,-2.17133,3.14116,1.63194,1.28841
74028,1.16509,1.60238,-2.1325,-0.39161,2.9856,-1.99399,3.59024,1.36422,1.19399
74589,1.42496,0.990975,-2.90259,-0.282071,1.95564,-1.27305,2.33349,0.318497,0.27605
74791,-1.76186,0.986914,0.915082,-1.89479,2.67695,-2.8817,3.93322,1.14155,0.979674
75141,-0.741394,1.3109,2.64657,-1.36348,-2.89522,-2.67438,3.94139,1.4002,1.89124
75144,1.79726,1.04782,0.222973,-1.32468,-1.57428,-2.3725,2.8473,0.619707,0.497248
75861,-3.00253,0.0991093,2.32389,-0.354695,-0.956767,-0.453805,1.05893,0.967804,0.75434
77830,-0.345971,1.65764,0.00645935,-1.76129,0.35243,-3.41893,3.43705,0.754507,0.732235
77836,1.7737,0.183222,-0.318716,-1.94159,-2.09242,-2.12481,2.98212,0.558956,0.496573
77888,-2.32367,1.27689,-2.67791,-1.33263,-0.354246,-2.60952,2.63345,0.536177,0.438031
78745,0.193355,0.0176029,1.55299,-0.487493,1.35964,-0.505095,1.45043,1.3211,1.77876
79201,2.2109,1.85966,2.57163,-0.145639,0.360728,-2.0053,2.03749,1.4848,1.24062
79455,-2.20424,2.04292,-2.3761,-1.39047,-0.171868,-3.4334,3.43769,1.21219,1.09028
79635,-1.74157,0.705479,0.194807,-2.05716,1.93638,-2.76264,3.37368,1.07173,0.990084
79729,-2.21095,1.29816,0.81091,-1.91915,3.02186,-3.21731,4.41392,1.4848,1.19616
79772,-2.71313,1.51553,1.91964,-1.0523,-1.65041,-2.56783,3.05248,0.725509,0.58634
79787,-1.33258,0.0567878,2.90901,-1.76636,-2.0416,-1.82315,2.73715,0.551975,0.448235
79797,-0.00735271,1.52482,0.205516,-0.79389,0.212869,-2.31871,2.32846,0.930989,0.77843
79838,-0.41443,1.04307,1.08667,-2.31423,1.5011,-3.3573,3.6776,0.952354,0.753415
79946,0.529833,0.352966,1.8372,-0.811984,1.30737,-1.16495,1.75109,1.3211,1.12631
80446,2.2056,0.124905,-1.7686,-0.364585,2.30898,-0.489489,2.3603,0.532697,0.450538
80591,-3.10725,0.212205,2.84184,-1.25493,-0.334088,-1.46713,1.50469,0.930989,0.759208
80721,2.26328,0.447035,0.441784,-2.24004,-1.8215,-2.68707,3.24626,0.725509,0.605804
80833,-0.0249443,1.3113,-2.42471,-0.607862,-2.39976,-1.91916,3.07279,0.619707,0.450458
81235,0.324933,2.17357,2.85715,-2.21127,2.53222,-4.38484,5.06349,0.857593,1.03365
81320,1.07725,0.650102,-1.95413,-0.407705,-3.03139,-1.05781,3.21065,1.26535,1.14114
81802,2.38643,1.6515,-2.04234,-1.54101,1.85441,-3.1925,3.69201,0.857593,0.771716
82419,-0.890957,0.827936,-1.40715,-0.442397,-0.516193,-1.27033,1.3712,0.664135,0.553939
82528,-1.15062,2.20625,2.49146,-0.553841,-2.64111,-2.76009,3.82015,0.78301,0.678603
82810,-1.41114,2.2941,-2.84598,-0.455334,-1.43485,-2.74943,3.10132,0.701274,0.566391
82839,0.282159,0.939245,-0.288396,-2.18561,-0.570556,-3.12486,3.17652,0.754507,0.70397
82845,-1.98748,0.128853,-1.28743,-0.773178,0.700054,-0.90203,1.14181,0.999854,1.23956
83332,-0.666987,0.378317,-0.585566,-0.775392,0.0814214,-1.15371,1.15658,1.07173,0.902306
83673,0.785126,0.0756095,0.455089,-1.60382,-0.330037,-1.67943,1.71155,0.701274,0.644671
84423,-2.52887,0.780808,1.38991,-0.395223,-2.3644,-1.17603,2.64073,0.725509,1.01648
84575,-3.11022,2.10361,1.85698,-1.63434,-1.31598,-3.73795,3.96284,0.551975,0.461092
84626,-2.58113,1.13116,1.69708,-0.331626,-2.00497,-1.46278,2.48186,1.14155,1.03012
85288,1.41576,1.20588,1.4996,-1.65367,0.0838449,-2.85955,2.86078,0.754507,0.585924
85477,0.90222,0.619385,1.47926,-1.9652,0.577044,-2.58459,2.64822,1.17814,0.991547
86350,2.04466,0.736455,1.75675,-0.186657,-0.287913,-0.923112,0.96697,0.78301,0.644855
86622,-2.59494,0.627785,-2.83679,-1.56414,-0.241851,-2.19192,2.20522,1.14155,1.01089
87529,2.7279,0.902706,-0.539692,-0.0539296,3.01559,-0.956636,3.16369,0.930989,0.725725
88008,3.0996,1.22934,2.81414,-0.15314,-0.28546,-1.38248,1.41165,0.619707,0.545064
88161,2.19987,0.661477,2.94024,-0.118291,0.740374,-0.779768,1.07526,1.42304,2.29066
88716,-0.661657,0.0685784,2.13058,-0.441611,2.79224,-0.510189,2.83847,1.14155,1.71444
88830,0.777474,1.41761,-2.34694,-1.22619,-3.12441,-2.64379,4.09287,1.26535,1.25188
88835,0.552599,2.04656,1.52734,-0.00812415,0.974742,-2.05468,2.27417,1.69671,1.4283
89059,-3.11782,0.102986,2.47493,-1.27021,-0.690439,-1.37319,1.537,1.0701,1.44963
89106,2.28543,1.20483,-2.89159,-0.6716,1.10617,-1.87643,2.17821,0.532697,0.437754
89252,-1.46603,0.705283,2.71249,-1.55746,-2.10467,-2.26274,3.09025,0.78301,0.751411
89328,2.87672,0.351916,-1.62071,-2.08674,1.78576,-2.43866,3.02258,0.999854,0.933649
90412,-2.82698,2.27612,-2.02218,-2.17333,0.804796,-4.44944,4.52164,0.857593,0.733668
90713,-3.03139,0.417345,-1.10664,-2.35437,1.92475,-2.77171,3.37447,0.536177,0.758356
90914,2.30589,1.98278,-2.69099,-0.316293,1.28631,-2.29907,2.63445,0.601332,0.502049
91175,0.82683,0.51071,-1.88744,-2.37916,-2.71427,-2.88987,3.96467,1.07173,0.945282
91305,2.45825,0.711267,-1.39479,-1.30959,2.43015,-2.02086,3.16062,1.4848,1.92535
91343,-0.842396,1.04588,-0.371102,-0.907942,0.471294,-1.95382,2.00986,1.1323,1.12666
91610,-2.29625,2.20246,-1.96805,-1.2328,0.328206,-3.43527,3.45091,0.78301,0.92209
91796,-0.450967,0.0297235,2.63131,-0.238712,3.08228,-0.268436,3.09395,1.4088,1.15198
92073,0.875766,0.956079,-2.03986,-0.954439,-2.91563,-1.91052,3.48582,0.78301,0.648702
92131,-1.39307,1.85273,-0.331845,-0.844635,1.06123,-2.69736,2.89861,0.999854,1.1436
92519,2.81861,1.50731,-0.983088,-2.25342,2.48149,-3.76073,4.50565,1.17566,1.02279
92531,0.841434,0.582466,-0.252076,-1.74888,-1.09351,-2.33135,2.57506,1.21219,1.04099
92890,-1.5852,0.331136,1.1698,-1.17033,2.75499,-1.50146,3.13758,0.532697,0.623958
94116,1.00457,0.817664,2.54385,-2.38041,1.53928,-3.19808,3.54923,0.857593,1.1333
94211,0.849558,0.557578,-1.63411,-1.56925,-2.48367,-2.12683,3.26986,0.619707,0.584904
94443,2.15888,1.36395,2.7066,-0.539594,0.547714,-1.90355,1.98078,1.21219,0.95162
94458,1.31851,0.67093,-1.84907,-0.890429,3.1156,-1.56136,3.48494,0.536177,0.467146
94583,1.58832,0.462102,-0.89832,-1.60741,-2.48664,-2.06951,3.23516,1.69671,1.4618
95085,0.699919,2.20732,3.09102,-1.25006,2.3911,-3.45739,4.20367,0.859931,1.07349
95159,2.80227,0.84745,-0.323788,-0.424557,-3.12606,-1.27201,3.37494,1.4088,1.02367
95170,0.209768,0.512283,-2.3944,-1.38573,-2.60417,-1.89802,3.22244,1.13804,0.993822
95315,-0.569189,0.584843,2.58621,-0.453605,-3.12779,-1.03845,3.29567,0.859931,0.69716
95355,1.00221,0.157544,1.45808,-0.6328,0.455873,-0.790344,0.912394,1.0701,0.899735
95704,-1.0245,0.219935,2.73722,-0.219848,-2.52146,-0.439783,2.55953,0.859931,0.791703
95763,2.50179,0.791236,-0.594035,-0.781658,-3.09582,-1.57289,3.47248,0.857593,0.660589
95993,-1.58867,0.674421,2.70658,-1.11225,-1.98793,-1.78667,2.67284,0.619707,1.11307
96012,0.377826,0.815506,0.51184,-0.0998124,0.134014,-0.915318,0.925077,0.78301,0.650256
96142,2.78903,1.69208,-0.257207,-0.0860838,-3.04624,-1.77817,3.52725,0.558956,0.505854
96488,-2.59597,0.574825,1.42045,-0.910645,-2.26676,-1.48547,2.71013,1.72949,2.30919
96494,1.17583,0.441924,3.13364,-2.19329,1.95782,-2.63521,3.28289,0.930989,0.808682
96906,2.11202,0.77326,-0.338768,-0.791716,-2.45079,-1.56498,2.90783,1.42304,1.23685
97029,3.13587,2.39394,0.998026,-1.2487,-2.13784,-3.64265,4.22365,1.21219,0.965479
97256,1.25141,0.672258,-2.09593,-1.41513,2.93585,-2.08739,3.60228,1.56429,1.33997
97723,-1.08612,2.18009,2.45878,-0.678866,-2.73829,-2.85896,3.95877,1.26535,1.17162
97794,2.01738,1.18634,-0.816072,-0.312283,-2.83346,-1.49862,3.20536,1.17814,1.00624
98102,-1.37875,0.708931,-2.7452,-0.643838,-1.36645,-1.35277,1.92281,1.13804,0.967102
98223,0.578909,0.0696124,1.62789,-1.52268,1.04898,-1.59229,1.90676,0.664135,0.52955
98536,-1.11437,1.79909,1.74012,-1.91828,2.85448,-3.71737,4.68689,0.532697,0.403286
98599,-2.8396,1.97864,1.57124,-2.29147,-1.87235,-4.27011,4.66257,0.859931,0.734182
98762,0.748875,1.72346,-1.19313,-1.24119,-1.94201,-2.96465,3.54408,0.999854,0.859292
98814,2.47419,1.78889,2.36723,-0.967524,-0.106954,-2.75642,2.75849,0.857593,0.686204
99016,-1.86591,0.129338,-1.52323,-0.7823,0.342686,-0.911638,0.973918,1.26535,1.03276
99339,-0.834799,1.88358,2.25221,-0.977765,3.08701,-2.86135,4.20915,0.480381,0.401792
99431,-1.81237,0.444616,-2.77139,-0.126997,-0.959026,-0.571613,1.11646,1.14155,0.907046
99646,-0.82803,0.536496,-0.214312,-1.31397,0.613718,-1.85047,1.94958,1.1323,0.9533
99677,-0.469096,1.82885,-3.06903,-0.437289,-2.59993,-2.26614,3.44892,0.725509,0.5541
100260,1.8328,0.026039,0.287859,-2.27903,-1.54494,-2.30507,2.77492,0.999854,0.804497
101734,0.50926,1.72913,-2.39594,-0.387975,-2.9052,-2.1171,3.59476,0.551975,0.413261
102227,-0.444543,0.592349,-1.0898,-0.551753,-0.645258,-1.1441,1.31352,0.78301,1.06567
102355,-0.674637,0.552287,-1.80874,-0.306624,-1.13411,-0.858911,1.42265,1.21219,1.03136
102739,0.905713,0.255526,2.70581,-1.41375,1.80009,-1.66928,2.45496,0.930989,0.857365
102934,-0.076438,2.27047,0.834478,-0.187057,0.910916,-2.45753,2.62092,1.26535,0.986181
103585,2.73306,0.849711,-2.69833,-0.390301,0.851793,-1.24001,1.50439,0.857593,0.752075
103668,2.81883,1.38649,-1.4021,-0.58834,2.06225,-1.97483,2.85532,0.859931,0.672195
103671,-1.22504,0.0832778,0.975937,-0.69688,2.20098,-0.780157,2.33516,1.69909,1.43902
103692,-0.479955,2.31044,0.873072,-0.333998,1.35303,-2.64443,2.97047,0.78301,0.662156
103810,-0.413637,1.87944,-1.77803,-1.01399,-1.36439,-2.89343,3.19899,0.725509,0.638682
103852,1.9381,1.5486,0.915467,-0.865075,-1.02264,-2.41367,2.62137,1.3211,0.989068
103856,-1.05561,0.672221,-0.823777,-0.34685,0.231835,-1.01907,1.04511,1.17566,1.01884
104027,0.244432,1.33967,3.12666,-1.39718,2.88223,-2.73685,3.97462,0.551975,0.458202
104847,0.319553,2.11537,0.442985,-1.2396,0.123432,-3.35497,3.35724,0.536177,0.492368
105187,0.375288,1.87131,-2.1303,-1.70779,-2.50559,-3.5791,4.36897,0.551975,0.44332
105474,-1.22809,1.84189,2.59915,-1.22576,-2.45594,-3.06764,3.92964,0.536177,0.436478
105838,1.39946,1.82065,1.05877,-1.26924,-0.340692,-3.0899,3.10862,1.42304,1.11896
106607,1.89212,1.40924,-2.5712,-1.0203,1.81987,-2.42953,3.03555,1.56429,1.34961
107574,2.38381,1.03092,-3.02493,-1.55634,0.874443,-2.58725,2.73103,1.63194,1.46574
107766,0.108966,1.83752,2.12009,-1.68323,2.01112,-3.52075,4.05466,0.859931,0.652064
107932,0.599097,0.993088,0.43199,-0.93806,-0.167107,-1.93115,1.93836,0.532697,0.728787
108129,-2.66406,0.651318,2.21908,-1.96509,-1.40005,-2.61641,2.96745,0.78301,0.619685
108220,-0.197819,2.2915,-2.4277,-2.11622,-2.22988,-4.40772,4.93967,1.3211,1.27311
108587,1.05625,0.477145,-1.0852,-2.01043,-2.14145,-2.48758,3.28236,1.21219,0.981581
109780,2.44392,0.151402,1.5952,-1.39066,-0.848712,-1.54206,1.76019,1.17814,1.02977
111236,2.81232,0.719644,-2.49155,-0.32837,0.979322,-1.04801,1.43437,0.859931,0.68185
111248,1.23739,1.04114,0.836181,-0.214698,-0.401207,-1.25584,1.31837,0.551975,0.470705
111822,-1.9376,0.918453,2.24904,-1.60194,-2.09655,-2.52039,3.2784,0.664135,0.593041
112221,2.99162,0.122108,0.378556,-0.211192,-2.61306,-0.3333,2.63423,1.17566,0.92149
112464,2.51545,1.65812,-1.05837,-0.0202908,2.70936,-1.67841,3.18711,1.42304,1.35306
112652,2.48441,0.331908,1.22219,-0.313936,-1.26222,-0.645844,1.41785,0.551975,0.464108
113048,2.61477,1.65528,-2.23534,-0.0516144,1.43307,-1.70689,2.22872,1.43951,1.19855
113418,-0.00959489,0.242019,1.82495,-1.66647,1.83454,-1.90849,2.64724,0.601332,0.460959
114069,-2.42863,0.19263,-2.78019,-1.75716,-0.351556,-1.94979,1.98123,0.536177,0.452342
114503,-0.10464,1.83939,-1.5368,-1.80034,-1.43216,-3.63973,3.91136,0.536177,0.51167
115205,1.43279,0.908989,0.742553,-1.59553,-0.690235,-2.50452,2.59789,0.857593,0.761839
115685,-2.47134,0.861825,2.68195,-1.43901,-1.1299,-2.30083,2.5633,1.4848,1.19395
115781,1.87969,0.685687,-0.285033,-1.78597,-2.16473,-2.47166,3.28559,0.78301,0.60409
115815,1.24819,0.6968,1.52229,-1.84753,0.274107,-2.54433,2.55905,0.725509,0.776803
116217,-0.995474,2.29659,0.580147,-2.13654,1.57562,-4.43313,4.70481,0.78301,0.711368
116266,-1.20738,0.930283,1.83231,-1.57992,3.03969,-2.5102,3.94219,0.664135,0.69535
116372,0.156428,0.292241,-1.63502,-1.64345,-1.79145,-1.93569,2.63746,0.551975,0.481939
116397,-2.40624,0.909382,2.48433,-0.531105,-1.39261,-1.44049,2.00359,1.69671,1.48281
117039,0.70749,0.425024,-2.77212,-0.716891,2.80358,-1.14192,3.02721,1.17566,0.898341
117040,2.21888,0.632391,-1.27379,-1.00154,2.79052,-1.63393,3.23368,1.1323,0.921159
117314,-2.19092,0.0213649,2.06407,-0.447731,-2.0282,-0.469096,2.08174,0.619707,0.595203
117809,-1.99819,0.571099,0.563224,-0.132982,2.56141,-0.704081,2.65642,1.03912,0.843312
118010,1.72881,2.34501,-1.26186,-0.691428,-2.99067,-3.03644,4.26193,0.859931,0.775138
118511,-0.701916,1.6699,2.58073,-1.63992,-3.00054,-3.30982,4.46745,0.754507,0.644485
118544,1.12784,1.29562,2.95654,-1.3473,1.8287,-2.64291,3.2139,0.78301,0.617518
119546,0.262245,0.67019,-1.16802,-0.0100365,-1.43027,-0.680226,1.58378,1.17814,1.68086
119888,2.64409,0.225804,-1.61815,-1.64403,2.02094,-1.86984,2.75327,0.952354,0.85029
120512,-1.54542,1.78348,0.625256,-1.39104,2.17068,-3.17452,3.84571,0.619707,0.58556
121149,2.92535,1.11736,1.29715,-0.601776,-1.6282,-1.71914,2.3678,0.668192,0.512578
121286,2.8467,0.613451,-2.9063,-0.202686,0.530187,-0.816137,0.973231,1.21219,1.17696
121461,0.168672,0.215578,-2.53956,-2.31795,-2.70823,-2.53353,3.70854,1.26535,0.996836
122727,0.489374,1.88955,-0.792125,-1.04635,-1.2815,-2.93591,3.2034,0.859931,1.08161
122978,-1.16521,0.595388,1.27257,-1.66553,2.43777,-2.26092,3.32483,0.952354,0.803112
123136,2.26972,2.28346,-1.02708,-1.34527,2.98639,-3.62873,4.6996,0.536177,0.747724
123602,0.901658,1.733,0.263899,-0.735034,-0.637759,-2.46803,2.5491,0.532697,0.441233
123647,-0.399012,1.1831,-1.7169,-0.772173,-1.31788,-1.95527,2.35795,1.0701,0.937161
123914,1.48613,0.495464,-2.97087,-0.0544959,1.82619,-0.54996,1.9072,1.14155,0.944399
123953,1.59371,0.174854,1.8435,-0.50044,0.249795,-0.675294,0.720013,0.999854,1.61172
124024,-2.41723,0.968674,1.70877,-2.22055,-2.15718,-3.18922,3.85027,0.619707,0.604092
124197,2.93064,1.65332,1.25531,-0.673366,-1.67534,-2.32668,2.86709,0.532697,0.43083
124223,2.40645,1.23385,-1.43548,-0.679026,2.44125,-1.91287,3.10142,0.536177,0.699877
124968,2.00546,0.155898,1.86984,-0.696284,-0.135627,-0.852182,0.862907,0.0392047,0.0326277
125547,-2.38982,2.32719,0.754621,-1.30675,-3.13874,-3.63394,4.80179,0.536177,0.440363
125911,-2.04676,0.572053,-2.08344,-2.24339,-0.0366719,-2.81544,2.81568,0.857593,0.697573
126052,2.13972,1.1583,-3.08803,-0.153448,1.05543,-1.31175,1.68363,0.701274,0.626609
126141,0.155581,1.38388,0.534438,-1.42667,0.378858,-2.81055,2.83597,1.17814,1.09959
126208,-1.88149,0.222908,-2.6139,-1.4249,-0.732408,-1.6478,1.80324,1.26535,0.96788
126550,2.42672,0.691978,1.65539,-0.279769,-0.77133,-0.971747,1.24066,1.3211,1.13091
126717,-0.522085,2.18077,0.357086,-0.331257,0.879172,-2.51203,2.66144,0.619707,0.483692
126837,-1.49377,0.52756,-0.537397,-1.63469,0.956374,-2.16225,2.36431,1.13804,0.937749
126876,1.59038,1.01702,-3.12696,-1.71869,1.56584,-2.73571,3.15214,0.78301,0.792935
127502,-0.261183,0.995492,-0.46913,-2.02459,-0.207948,-3.02008,3.02723,0.930989,0.819188
128635,1.1496,1.09267,-2.18955,-1.31979,2.94403,-2.41246,3.80621,0.558956,0.462181
128866,-0.377093,0.500926,1.65858,-1.90204,2.03567,-2.40297,3.14932,1.1323,1.75459
129575,-1.06563,1.54132,2.32429,-1.67568,-2.89327,-3.217,4.32668,0.725509,0.569337
130018,-2.34225,0.444161,-1.84929,-0.24045,0.492963,-0.684611,0.843626,1.1323,0.965427
130058,2.61122,2.02627,-0.937942,-0.0841411,2.73402,-2.11041,3.4538,0.536177,0.472948
130705,-0.72022,0.268939,1.93838,-0.827722,2.6586,-1.09666,2.87591,0.999854,0.787231
131720,0.367716,0.851865,1.59395,-0.991681,1.22623,-1.84355,2.21412,1.69671,1.42653
131812,1.945,0.349325,2.94018,-0.520039,0.995181,-0.869364,1.32143,1.14155,1.54409
131931,-0.399889,0.625338,0.51636,-1.43966,0.916249,-2.06499,2.25914,1.72949,1.39449
131935,-0.337676,0.284992,-3.0463,-0.144927,-2.70862,-0.42992,2.74253,0.967804,0.795209
132461,1.76683,0.227725,0.0940304,-0.995317,-1.6728,-1.22304,2.07222,1.14155,0.905452
132516,2.92353,0.00349469,-0.538011,-0.611148,2.82164,-0.614643,2.88781,1.63194,1.37266
132585,1.15892,1.02684,-2.41447,-0.175739,2.70979,-1.20258,2.96465,1.4848,1.36866
132695,1.151,1.30017,1.62559,-0.413753,0.474589,-1.71392,1.77842,0.930989,0.821792
133012,2.31233,2.03498,0.727303,-2.12978,-1.58503,-4.16476,4.45618,1.1323,1.55391
133805,-1.79782,1.0046,-0.854102,-1.0585,0.943719,-2.0631,2.2687,0.857593,0.801728
134040,2.88888,0.740558,2.87528,-0.428977,-0.0136013,-1.16954,1.16961,0.619707,0.503728
134253,0.00300144,2.11777,1.01815,-0.660071,1.01515,-2.77784,2.95752,0.930989,0.954665
134277,1.04913,0.0854871,0.502001,-1.05643,-0.547128,-1.14192,1.26623,1.17566,0.937388
134289,3.13576,1.34292,0.557267,-2.34599,-2.57849,-3.68892,4.50075,0.253262,0.208816
134400,1.46925,0.840661,-2.05154,-1.28047,2.76239,-2.12113,3.48282,1.72949,1.69009
134438,-2.35288,1.28842,0.309535,-1.23491,2.66242,-2.52334,3.6682,0.558956,0.447886
134607,1.6965,0.963842,0.592996,-0.66911,-1.1035,-1.63295,1.97085,0.601332,0.509314
134689,2.6,0.588094,-1.20278,-1.37159,2.48041,-1.95968,3.16114,1.07173,0.889267
135554,-2.34473,0.33652,-1.9111,-1.16488,0.433628,-1.5014,1.56276,0.532697,0.439329
135847,2.77564,1.17684,-0.433603,-1.25386,3.07394,-2.43069,3.91885,0.725509,0.597788
136302,-1.9479,0.028184,1.51626,-1.545,-2.81903,-1.57318,3.22829,1.63194,1.31954
136580,3.02506,0.283419,-2.22472,-1.71815,1.0334,-2.00157,2.2526,0.619707,0.473329
136719,-2.92286,0.0122989,-2.36418,-0.637361,0.55868,-0.64966,0.856844,0.859931,0.728289
136940,-1.47015,1.31433,-3.08738,-0.281912,-1.61723,-1.59625,2.27232,1.21219,1.00486
136948,-0.836273,0.0387264,2.82711,-1.54969,-2.6198,-1.58842,3.06373,0.754507,0.648894
137028,-1.76111,0.535542,1.169,-0.388402,2.93011,-0.923944,3.07233,0.619707,0.47547
137239,1.05629,1.25419,-2.0469,-1.51795,-3.10319,-2.77214,4.16107,1.36422,1.31011
138092,1.99986,1.29915,-3.07402,-1.60748,1.20931,-2.90663,3.14816,0.857593,0.777029
138599,-1.67248,1.76857,-0.130877,-0.0744687,1.54161,-1.84304,2.40278,0.532697,0.447344
138971,-2.43443,1.63698,1.50738,-0.422338,-2.34137,-2.05931,3.11814,0.754507,0.624561
139037,2.06112,0.279871,-1.89099,-0.521357,2.33108,-0.801228,2.46493,0.823977,0.809063
139133,-1.64485,1.69643,2.33595,-0.394053,-2.30239,-2.09048,3.10984,1.3211,1.05841
139360,2.94783,0.540361,2.92897,-0.289375,-0.0188584,-0.829736,0.829951,1.14155,0.924246
139406,0.722994,1.18365,1.64924,-0.580816,0.926246,-1.76447,1.99281,0.857593,0.702057
139814,2.71163,1.02941,-1.18354,-0.609208,2.38801,-1.63861,2.89615,0.823977,0.736112
139847,1.34022,0.721228,1.64871,-1.74248,0.308486,-2.46371,2.48294,0.823977,0.685876
139996,2.44806,2.34739,2.81405,-1.59823,0.365991,-3.94562,3.96256,0.999854,0.809403
140365,-0.524053,1.12108,-0.737129,-0.24558,-0.213076,-1.36666,1.38317,0.601332,0.487226
140646,-0.367121,0.595943,-0.105828,-2.15408,0.261293,-2.75003,2.76241,0.725509,0.591167
140796,0.971253,0.123888,-0.771761,-1.60488,-1.74301,-1.72877,2.45494,0.668192,0.497675
141297,1.50708,0.953967,-0.652793,-0.164362,-2.15987,-1.11833,2.43223,0.78301,0.682327
141404,1.47857,1.33012,-1.2633,-0.144182,-2.74187,-1.4743,3.1131,0.619707,0.58932
141732,0.129196,2.30578,-0.876902,-0.410971,-1.0061,-2.71675,2.89706,1.36422,1.27662
141842,0.344559,1.70443,-0.249377,-0.176004,-0.593937,-1.88043,1.972,1.14155,0.979923
141910,-2.19644,2.15967,-0.592498,-1.76296,1.60394,-3.92264,4.23789,1.57432,1.27084
142282,-1.48144,0.665473,0.85455,-0.550003,2.33599,-1.21548,2.63329,1.4848,1.18742
142413,0.900001,2.13808,1.65422,-0.486853,0.75422,-2.62493,2.73114,1.17814,1.07988
142814,2.81163,1.47887,1.04353,-0.0400805,-1.7681,-1.51895,2.33096,1.1323,0.900138
142912,-0.545614,0.89299,-0.231693,-1.57541,0.313921,-2.4684,2.48828,0.857593,0.671857
144019,1.12966,1.71332,1.5251,-0.340226,0.395446,-2.05354,2.09127,0.619707,0.604146
144245,2.29993,0.486814,2.21503,-1.96398,-0.0848966,-2.45079,2.45226,0.725509,0.720443
144374,-2.59162,2.18882,-2.02956,-1.14403,0.56206,-3.33285,3.37991,1.36422,1.42749
144870,0.713295,0.958789,-2.5287,-2.00896,3.04119,-2.96775,4.24928,1.36422,1.14969
145624,2.05745,1.57438,-1.17032,-1.49107,3.05542,-3.06545,4.32811,0.725509,0.604489
145704,-0.298873,0.330105,2.65656,-0.790219,2.95543,-1.12032,3.16065,0.536177,0.428894
145835,0.0566337,0.0637315,3.0951,-1.8636,3.03847,-1.92733,3.59818,0.859931,0.749779
146385,2.58133,0.45793,0.242424,-1.50364,-2.3389,-1.96157,3.05257,1.26535,0.976055
146668,2.97429,0.0295325,1.66729,-0.732971,-1.307,-0.762504,1.51316,0.857593,0.904588
147466,1.31506,1.8952,-3.05203,-0.70462,1.91609,-2.59982,3.22962,1.3211,1.05727
147757,-2.41764,1.09785,1.67597,-1.34301,-2.18958,-2.44087,3.27904,0.558956,0.437879
147770,1.18821,0.617736,2.71696,-2.25751,1.52875,-2.87524,3.25639,1.03912,0.877003
147916,-0.338907,0.223614,-3.11909,-1.14701,-2.78019,-1.37063,3.09969,0.999854,0.800796
148064,0.00583837,2.32535,-1.65283,-0.117925,-1.65866,-2.44327,2.95309,0.668192,0.545235
148176,2.62024,1.25073,3.08887,-1.37972,0.468633,-2.63045,2.67187,0.558956,0.487814
148847,2.31967,1.62504,2.47649,-1.99689,0.156817,-3.62193,3.62532,0.999854,0.769856
149176,3.11385,1.57681,1.77893,-0.599114,-1.33492,-2.17592,2.55277,1.42304,1.15015
149514,-1.29488,2.33861,-2.88031,-1.88817,-1.58543,-4.22678,4.51434,0.859931,0.688088
149575,-2.26776,1.4795,1.42932,-0.743656,-2.58611,-2.22316,3.41034,0.601332,0.505158
149804,-1.08769,0.633191,-1.89038,-0.56955,-0.802686,-1.20274,1.44599,0.664135,0.61228
149861,-1.19258,1.36407,1.9016,-1.82166,3.09417,-3.18573,4.44103,1.26535,1.94385
150400,2.72668,0.73773,-2.81776,-0.519029,0.738746,-1.25676,1.4578,1.26535,1.02502
150922,-1.15435,1.38737,-0.589799,-0.986848,0.564551,-2.37422,2.44042,0.999854,0.844403
151162,-1.46052,0.610913,1.0337,-0.368377,2.49421,-0.97929,2.67957,1.4848,1.29172
151668,0.0442268,0.615608,0.666974,-0.0949108,0.622747,-0.710518,0.944802,0.551975,0.464957
151677,1.48757,1.01996,-0.879561,-2.34989,-2.36714,-3.36985,4.11816,0.580001,0.509422
151691,1.84975,0.424893,2.10812,-0.195163,0.258365,-0.620056,0.671731,1.21219,0.983782
152087,1.14446,1.13679,3.09158,-1.64079,1.94712,-2.77758,3.39209,0.536177,0.579835
152201,2.91517,1.76802,2.10513,-1.21751,-0.810045,-2.98553,3.09347,0.930989,0.731522
152209,1.93562,0.608154,-2.97205,-0.415403,1.37551,-1.02356,1.71455,1.26535,0.99939
153158,-1.35103,0.65919,-1.23782,-0.835772,0.113215,-1.49496,1.49924,0.532697,0.460127
153170,-0.906705,1.05098,1.25211,-0.934641,2.15881,-1.98562,2.93311,1.07173,0.875128
153196,-0.0562284,0.116566,1.53763,-0.715731,1.59386,-0.832297,1.79808,0.536177,0.444229
153422,0.745765,1.19083,-2.17755,-0.171194,-2.92331,-1.36202,3.22504,0.532697,0.477589
153706,1.13627,1.85195,2.68755,-1.34282,1.55128,-3.19477,3.55148,1.36422,1.1497
153904,0.0558255,0.169752,-2.2344,-1.50023,-2.29022,-1.66999,2.83443,0.859931,0.773004
154012,-3.09283,0.753554,-0.913028,-0.474819,2.17981,-1.22837,2.50209,1.1323,1.0694
154197,-1.0645,2.09334,-1.17227,-1.49444,-0.107772,-3.58779,3.58941,1.21219,1.0979
154423,0.833488,2.24922,0.413632,-0.07856,-0.419856,-2.32778,2.36534,1.13804,1.14222
154710,1.10702,1.18253,1.95448,-0.665755,0.847462,-1.84829,2.03331,0.78301,0.675042
154950,0.056984,2.11488,-0.57289,-1.77323,-0.629874,-3.88811,3.9388,0.78301,0.663337
155033,1.04067,0.109227,-0.035577,-1.0007,-1.07625,-1.10993,1.54604,0.619707,0.53402
155147,2.83611,1.92448,1.34977,-0.956057,-1.48634,-2.88053,3.2414,1.0701,1.45558
155169,-2.41078,2.29494,2.18032,-0.726345,-1.69208,-3.02128,3.46285,0.664135,0.604309
155214,0.545569,1.8034,2.34965,-0.0585034,1.80408,-1.8619,2.59256,1.1323,0.922229
155280,3.08566,1.24431,-2.36874,-1.17754,0.82878,-2.42185,2.55973,1.07173,0.820203
155584,-2.49023,1.52877,2.27006,-0.258023,-1.52289,-1.78679,2.34773,0.725509,0.782118
155682,1.59089,0.910264,1.77347,-1.59006,0.182588,-2.50032,2.50698,0.930989,0.84505
155737,-2.56701,0.849258,0.14726,-0.185303,2.71427,-1.03456,2.90475,1.4848,1.275
156486,2.919,0.523968,-0.891979,-2.1784,2.4722,-2.70237,3.66259,1.0701,0.99532
157039,-2.48793,0.813652,2.58734,-0.612644,-1.20792,-1.4263,1.86906,0.967804,0.810088
157310,0.944828,0.0763533,1.50644,-0.476296,0.561611,-0.552649,0.787926,1.56429,1.28442
157334,1.36058,1.26925,0.936329,-1.2194,-0.424249,-2.48865,2.52455,1.21219,0.970673
157355,-2.52018,0.238337,-2.4237,-2.22787,0.0964868,-2.46621,2.46809,0.668192,0.763927
157502,-1.76184,1.61282,1.44148,-0.510558,-3.07987,-2.12338,3.7409,0.619707,0.575029
157927,-1.00692,0.833511,1.22786,-1.06795,2.23477,-1.90146,2.93424,0.967804,0.778449
157957,0.656622,0.723324,-1.76111,-0.292227,-2.41773,-1.01555,2.62236,0.859931,0.713359
158017,-2.63818,1.02569,2.33979,-1.33635,-1.30522,-2.36204,2.69867,0.78301,0.976745
158483,-0.244585,0.460697,2.20776,-2.35502,2.45235,-2.81572,3.73393,0.857593,0.952853
158642,0.805577,0.549646,-0.0148823,-1.87505,-0.82046,-2.42469,2.55974,0.536177,0.605757
158910,2.29381,1.04085,2.5296,-1.55036,0.235786,-2.59121,2.60191,0.78301,0.807561
158912,-2.22782,1.23691,-2.34035,-0.340366,-0.11253,-1.57728,1.58129,0.725509,0.540295
159020,2.99587,1.9251,1.88255,-0.596983,-1.11332,-2.52208,2.75688,0.551975,0.53893
159185,2.048,0.581479,0.974655,-0.170696,-1.07335,-0.752174,1.31067,0.754507,0.632325
159306,-2.53075,0.83151,2.92392,-2.37189,-0.828514,-3.2034,3.30881,0.857593,1.24801
159420,-1.68359,0.403203,1.45165,-0.0842713,3.13524,-0.487475,3.17291,0.952354,1.44
159742,-2.52838,0.596986,-2.06003,-0.876285,0.468351,-1.47327,1.54592,0.668192,0.618102
159860,2.56455,0.528511,2.23872,-0.203495,-0.325827,-0.732006,0.801247,0.999854,0.804709
160131,-1.31056,2.3317,3.01396,-0.792846,-1.95866,-3.12455,3.6877,0.725509,0.611424
160458,2.89393,0.461676,1.56269,-1.46424,-1.33123,-1.92592,2.34123,1.14155,1.14752
160852,-0.839444,0.58882,-0.880201,-0.384268,-0.0407569,-0.973088,0.973942,1.13804,1.00436
160927,0.762921,1.85309,1.56245,-0.536623,0.799533,-2.38971,2.51992,0.551975,0.514215
161052,1.00281,1.72099,-1.69276,-2.01213,-2.69557,-3.73312,4.6046,0.78301,0.850968
161130,-0.139823,2.07774,-1.97856,-0.898147,-1.83874,-2.97589,3.49813,0.480381,0.475624
161255,-0.12269,1.45967,1.89752,-1.6383,2.02021,-3.09797,3.69847,0.580001,0.736183
161531,1.58562,0.52077,0.546276,-1.66467,-1.03934,-2.18544,2.42,1.72949,1.52003
161904,0.091793,1.70004,-2.17649,-0.13855,-2.26828,-1.83859,2.91985,1.26535,0.993212
162434,-1.2312,0.275438,-0.0439787,-0.137832,1.18722,-0.41327,1.25709,1.17814,1.04825
162466,-1.14196,0.926183,0.767304,-0.717625,1.90926,-1.64381,2.5194,1.07173,0.832702
162938,-1.6247,0.867327,-1.53406,-0.72035,0.0906383,-1.58768,1.59026,0.551975,0.514626
163365,-1.85963,1.55085,0.988039,-0.0324852,2.84767,-1.58333,3.25824,0.551975,0.729381
163625,0.928374,2.37451,-2.19094,-2.34019,-3.11931,-4.7147,5.65318,0.930989,1.35705
163637,0.72106,1.14861,-2.49467,-2.15324,3.06746,-3.30185,4.50683,0.551975,0.547302
163741,2.90913,1.00118,2.29787,-0.641707,-0.611258,-1.64289,1.75291,1.42304,1.19516
164616,-2.44499,0.287829,-1.12267,-0.0921766,1.32233,-0.380006,1.37585,1.26535,1.10775
165666,-2.88649,1.90598,-0.613421,-0.325543,2.27306,-2.23152,3.18536,0.536177,0.463574
165780,-0.4117,0.156904,-2.71857,-1.7452,-2.30687,-1.9021,2.98993,0.664135,0.626087
165879,2.14161,0.176808,-1.10064,-0.616426,3.04094,-0.793235,3.14269,1.26535,0.995619
166037,-0.235026,2.27796,2.83318,-0.220246,3.0682,-2.4982,3.95663,1.1323,1.12461
166400,-1.58199,2.31661,2.68234,-0.14543,-2.01885,-2.46204,3.18393,0.532697,0.440237
166672,0.576963,1.32244,1.55298,-1.83938,0.97602,-3.16183,3.30904,0.754507,0.690947
166983,-2.79534,0.68946,-1.88319,-2.03262,0.91215,-2.72208,2.87085,1.21219,1.05386
167787,-2.92014,1.79656,-1.17127,-1.58271,1.74887,-3.37927,3.805,1.26535,1.01669
168012,-0.657227,0.851378,-1.13377,-1.05095,-0.476542,-1.90233,1.96111,0.536177,0.480534
168952,-1.48866,1.10908,2.84224,-1.50651,-1.95228,-2.61559,3.26385,0.551975,0.514755
170246,2.01053,1.77489,1.19447,-1.41117,-0.816067,-3.18605,3.2889,1.14155,0.956209
170727,-2.33139,1.60312,2.63853,-0.126691,-1.31327,-1.72981,2.17184,0.857593,0.701288
170909,0.357115,2.1731,0.763119,-0.313728,0.406004,-2.48683,2.51976,1.72669,1.37854
170918,0.0916099,1.51249,-2.30248,-2.39451,-2.39409,-3.907,4.58217,0.619707,0.513539
171109,-0.101072,1.99734,3.06825,-1.93165,-3.11386,-3.929,5.0133,0.952354,0.872385
171286,0.0687987,0.990629,2.2681,-1.76305,2.1993,-2.75368,3.52416,0.859931,0.812747
171577,-0.952552,1.41042,0.414255,-2.04733,1.36681,-3.45775,3.71809,0.536177,0.420373
172897,-2.39432,2.24557,-0.673333,-2.09005,1.72098,-4.33562,4.6647,0.930989,0.721245
173601,2.31325,0.0355969,3.1064,-0.496083,0.793158,-0.53168,0.954873,0.558956,0.690373
173850,-2.04436,0.580447,-0.418811,-1.23126,1.62555,-1.81171,2.43407,1.57432,1.41653
173951,1.56993,1.80284,0.440386,-2.17916,-1.12955,-3.982,4.1391,1.14155,0.943938
174527,-0.0276229,0.304299,2.96418,-0.120907,2.9918,-0.425206,3.02187,1.63194,1.87053
175108,0.0543439,0.65609,0.583101,-0.0893698,0.528757,-0.74546,0.913945,0.0486561,0.0426197
175276,2.9074,0.606866,1.40903,-2.19618,-1.49837,-2.80304,3.17839,0.551975,0.49692
175287,-2.15869,0.857582,0.375564,-0.388898,2.53426,-1.24648,2.82421,1.1323,0.973347
175528,-1.3925,1.83533,0.207228,-1.37155,1.59973,-3.20688,3.58374,0.930989,0.764837
175659,-1.85019,0.0376925,-0.473003,-0.336561,1.37719,-0.374253,1.42713,1.42304,1.39895
175686,1.80914,1.62027,1.0265,-2.35271,-0.78264,-3.97298,4.04933,0.558956,0.456597
175701,-0.788367,1.98676,0.0622303,-0.0807186,0.850597,-2.06748,2.23562,1.13804,0.978345
175866,-0.678939,0.375862,-2.51039,-0.0284463,-1.83145,-0.404309,1.87555,1.42304,1.1456
175999,-2.71048,0.0895525,0.426346,-2.22021,3.13683,-2.30977,3.89547,0.78301,0.650841
177000,2.79886,0.194604,-1.98261,-1.60943,1.50171,-1.80403,2.34727,0.580001,0.826077
177327,0.273831,0.595655,-1.39766,-1.52608,-1.67149,-2.12173,2.70104,1.36422,1.19169
177582,0.561306,0.547097,-3.09294,-0.673654,2.62894,-1.22075,2.89854,1.17566,1.11954
177757,0.571911,1.98794,-1.55345,-1.7574,-2.12536,-3.74534,4.30636,1.21219,0.907786
178279,2.92135,1.35567,-1.88972,-1.33502,1.47211,-2.69069,3.06707,0.601332,0.710333
178998,-1.2804,0.450078,2.40336,-0.516582,-2.59943,-0.96666,2.77335,1.4848,1.24787
179100,0.566878,1.47311,-0.813882,-2.0405,-1.38076,-3.51361,3.77517,0.967804,0.840695
179202,-1.06045,1.8396,-2.7926,-1.38241,-1.73215,-3.22201,3.6581,1.42304,1.138
179422,-1.30043,1.79577,1.94418,-0.654225,-3.03858,-2.44999,3.90326,0.558956,0.456368
180108,3.02509,0.439454,0.553347,-0.0933928,-2.47174,-0.532847,2.52852,1.0701,1.92992
180216,-2.76388,0.36155,2.59354,-2.2157,-0.925764,-2.57725,2.73848,1.0701,0.877022
180427,1.07447,0.694923,-0.241195,-0.507749,-1.31567,-1.20267,1.78253,1.21219,1.01128
180487,-0.206045,1.29446,-2.40506,-0.337394,-2.19901,-1.63186,2.73836,1.3211,1.10412
180668,2.77852,1.54107,-2.35605,-1.4397,1.14862,-2.98077,3.19442,0.725509,0.908445
182871,-2.31288,1.56412,-1.69586,-0.725573,0.617018,-2.28969,2.37137,1.14155,1.36591
182880,-1.9799,0.00544122,-0.700793,-1.5817,1.27911,-1.58714,2.03842,1.26535,1.14868
183498,-2.24879,0.609317,1.3786,-0.324311,-2.65579,-0.933627,2.81512,1.21219,1.95646
183928,0.891448,1.49728,-0.106824,-0.599411,-0.998273,-2.09669,2.32221,0.725509,0.598858
184147,2.0092,1.68905,1.99293,-0.0687407,-0.0162649,-1.75779,1.75786,1.17814,0.974414
185129,2.32686,1.76897,-2.6646,-1.92017,1.29173,-3.68913,3.90874,0.601332,0.495169
185447,-2.72799,0.535355,-0.532598,-1.86747,2.19539,-2.40283,3.25474,1.26535,0.987802
185920,0.40302,2.19175,-2.62384,-0.161953,-3.02686,-2.3537,3.83429,1.42304,1.86221
185997,-2.21423,1.68774,-2.82118,-0.853189,-0.606949,-2.54093,2.61241,0.580001,0.51428
186158,2.55015,2.09204,-0.2252,-0.192534,-2.77535,-2.28458,3.5947,0.536177,0.444179
186207,1.57585,1.87496,-0.0658504,-2.2611,-1.6417,-4.13606,4.44996,1.07173,1.39589
186317,-1.81347,0.867904,0.432459,-0.993715,2.24593,-1.86162,2.91716,1.69671,2.18729
187374,-0.100793,2.12346,-1.09937,-1.09427,-0.99858,-3.21772,3.36911,0.536177,0.4927
187376,-2.67112,0.336415,0.348451,-2.13723,3.01958,-2.47365,3.90343,0.859931,0.716268
187775,-2.51492,1.03416,-2.30576,-0.136426,0.209159,-1.17058,1.18912,0.536177,0.386373
187930,-1.707,0.607219,2.74173,-1.85282,-1.83445,-2.46004,3.06872,1.26535,1.36399
188388,-2.71199,0.492165,2.78746,-1.12448,-0.783734,-1.61665,1.79661,0.967804,0.859915
188407,-0.204295,0.932989,-0.640164,-2.12272,-0.435869,-3.05571,3.08664,0.859931,0.764378
188652,-2.29951,2.09986,1.02961,-0.157813,-2.95406,-2.25767,3.718,1.43951,1.12035
188922,-0.212891,1.74904,1.64216,-1.05064,1.85505,-2.79968,3.35848,0.930989,0.801817
189145,-0.629408,1.90306,-2.60627,-1.16921,-1.97687,-3.07227,3.65333,0.857593,0.764438
189315,-1.12126,1.93843,3.08853,-1.34025,-2.07339,-3.27868,3.87927,0.532697,0.625009
189754,-0.686177,1.63051,2.82007,-1.33791,-2.77694,-2.96842,4.06484,1.57432,1.11889
189801,-2.00073,0.464741,-1.59655,-0.111351,0.404173,-0.576092,0.703732,0.754507,0.627225
189958,1.33356,0.341048,0.879437,-0.519181,-0.454124,-0.860229,0.97274,0.754507,0.564934
190037,0.195503,0.332234,0.16714,-1.96089,-0.028363,-2.29312,2.2933,1.42304,1.22908
190207,-0.584861,1.81586,-2.87077,-1.87648,-2.28591,-3.69234,4.34267,0.619707,0.524188
190655,-2.77323,1.5212,3.11679,-0.513731,-0.393164,-2.03493,2.07256,1.63194,1.25636
192124,-3.04784,0.555957,1.51766,-1.38671,-1.71769,-1.94267,2.59315,0.78301,0.610919
192742,1.18506,1.54602,0.0602711,-1.35389,-1.12479,-2.89991,3.11041,1.26535,1.05731
192942,1.14522,2.06095,-2.11021,-0.333287,3.02775,-2.39424,3.86001,1.72949,2.58411
192979,-1.63441,2.38287,3.12356,-0.392616,-1.52522,-2.77549,3.16696,0.318497,0.26131
193069,1.96241,1.5819,-2.28749,-1.49602,2.03328,-3.07792,3.68888,1.69671,1.58317
193291,1.32304,0.662091,1.44881,-0.760459,0.12577,-1.42255,1.4281,1.1323,1.06467
193667,0.411285,0.295461,-2.77623,-1.46572,3.09567,-1.76118,3.56159,0.999854,0.851325
194098,-2.68786,2.31957,1.04308,-1.7132,-2.55225,-4.03277,4.77255,0.532697,0.491093
194396,-0.239324,2.11165,2.19396,-0.823248,2.43328,-2.9349,3.81241,1.63194,1.99982
194605,-1.65614,0.0239843,-1.27987,-1.7026,0.376274,-1.72658,1.76711,1.4848,1.26535
194725,-2.60468,0.482338,2.83356,-2.14135,-0.844941,-2.62369,2.75638,0.536177,0.756942
195515,1.3747,1.0108,-2.87463,-2.13506,2.03385,-3.14586,3.74607,0.532697,0.451181
195675,1.24529,1.91806,-2.92046,-2.17182,2.11744,-4.08988,4.6055,1.72949,1.37896
196058,-2.12537,1.38739,0.973989,-0.244201,3.09936,-1.6316,3.50259,0.999854,0.882742
196221,0.312268,0.12364,1.3057,-0.754736,0.993431,-0.878376,1.32607,0.536177,0.435919
196689,-0.959798,0.819389,-1.58891,-1.36362,-0.629112,-2.18301,2.27186,0.952354,0.798513
196702,-1.61937,1.05722,1.26902,-1.44165,2.88839,-2.49887,3.81931,1.0701,1.28668
196868,-2.17622,0.0438826,-3.00118,-1.45191,-0.824958,-1.4958,1.7082,1.21219,1.15274
197260,2.78008,2.36242,-1.38719,-0.437183,2.11592,-2.7996,3.50926,1.07173,0.973665
197390,-1.56355,0.699011,-3.11777,-1.96327,-1.55422,-2.66228,3.08275,0.536177,0.471152
197530,-1.73354,1.92459,-1.78351,-1.17136,-0.0499735,-3.09594,3.09635,1.07173,0.812967
197542,-1.5631,0.980677,-2.86011,-1.3309,-1.29701,-2.31158,2.65059,0.536177,0.401909
197639,2.25386,1.28677,2.16886,-1.201,-0.0850015,-2.48777,2.48923,1.26535,1.00133
197665,-2.76616,1.60151,-0.0451767,-1.17583,2.72098,-2.77734,3.88811,0.967804,0.898796
197941,-1.31972,1.8242,-2.91966,-1.35418,-1.59994,-3.17838,3.55835,0.967804,0.911987
197972,1.41522,0.320604,0.647791,-2.01105,-0.76743,-2.33165,2.4547,0.532697,0.685017
197993,-2.70848,1.53343,-2.86518,-1.83063,-0.156702,-3.36406,3.3677,0.668192,0.560372
198522,2.13308,1.98361,-1.97842,-2.13014,2.17168,-4.11375,4.65179,0.930989,0.813717
198523,1.0964,1.11411,2.27174,-2.38003,1.17535,-3.49414,3.68652,0.754507,0.636783
198862,2.58582,0.804216,-1.73822,-0.194462,1.95915,-0.998678,2.19901,1.26535,1.88885
198899,-2.48309,0.0569165,1.70326,-0.800915,-2.09683,-0.857832,2.26552,1.0701,1.33361
199118,0.407463,2.09339,-1.25856,-1.0096,-1.66602,-3.10299,3.52195,0.664135,0.632346
199441,-0.932186,0.595277,-2.51939,-0.534457,-1.5872,-1.12973,1.94821,1.69671,1.51784
199866,-2.84987,1.38105,1.15916,-1.97404,-2.27416,-3.35509,4.0532,0.701274,0.712557
