57,-0.167759,0.628486,2.53758,-1.42148,2.70534,-2.04997,3.39429,0.853508,0.739055
765,0.953534,1.53983,-0.24048,-0.0958696,-1.19401,-1.6357,2.02514,0.528718,0.451234
1266,-2.5564,0.780036,1.00422,-0.325485,-2.72257,-1.10552,2.93846,0.992385,1.64009
3344,2.40967,1.45302,-3.07001,-1.89399,0.8035,-3.34702,3.44211,1.16688,1.04382
3682,1.88361,0.679356,-1.26939,-1.54317,3.13019,-2.22253,3.83897,1.0621,0.853521
4399,-0.0280098,0.796926,2.44546,-1.62086,2.47347,-2.41779,3.45887,0.547852,0.808559
5553,-0.188376,1.15592,2.59934,-0.274657,2.78772,-1.43058,3.13336,1.3736,1.13331
6661,-1.52057,0.558396,-1.60318,-0.450026,-0.0826106,-1.00842,1.0118,0.720089,0.602449
6809,1.4373,0.280646,-1.7606,-1.56691,3.08528,-1.84756,3.59617,0.575669,0.920201
7306,0.881454,0.704631,2.97134,-1.49408,2.08989,-2.19871,3.03347,1.35403,1.20078
7365,0.674526,0.625891,0.0459992,-0.19093,-0.628527,-0.816821,1.03065,1.31123,1.11498
8039,-1.11879,0.219599,1.49227,-0.457157,2.61106,-0.676756,2.69734,1.71379,1.46391
8259,-2.16777,0.818099,-1.27076,-1.15313,0.897015,-1.97123,2.16573,0.59684,0.532292
8294,-0.521148,2.04631,-2.65498,-1.92765,-2.13383,-3.97396,4.51061,0.547852,0.441984
9231,2.21636,2.24259,-2.7952,-0.63303,1.27163,-2.87562,3.14424,0.853508,0.78152
9319,-1.06034,0.0271084,1.50974,-0.0991234,2.57008,-0.126232,2.57317,1.41242,1.69473
9502,0.1161,0.765074,-0.368993,-0.618686,-0.485093,-1.38376,1.46632,1.42876,1.22029
10016,-0.542423,0.367293,1.30741,-2.03569,1.84984,-2.40298,3.03253,1.6864,1.96428
10985,-3.12908,1.5322,-2.20939,-0.118524,0.919693,-1.65072,1.88964,1.13302,1.00366
11774,1.88058,1.28343,-2.64769,-1.71131,1.75491,-2.99474,3.47105,0.777161,0.639037
12659,1.60122,1.48856,2.09886,-1.85397,0.497647,-3.34252,3.37937,1.41242,1.96556
14170,2.37634,0.278771,-0.353268,-0.121469,-2.72961,-0.40024,2.75879,0.851187,1.33241
15585,1.47875,0.0971034,-2.05363,-1.27272,2.7508,-1.36982,3.07299,0.659174,1.08164
16515,-2.15225,1.34605,2.65416,-1.92562,-1.47678,-3.27167,3.58953,0.659174,0.576195
16905,-3.05589,2.17974,-0.73802,-0.547816,2.31787,-2.72756,3.57939,0.777161,0.617431
17093,2.99038,0.01625,0.660719,-2.34235,-2.32966,-2.3586,3.31517,1.20314,1.34842
17340,2.4163,1.62046,1.5672,-0.492885,-0.8491,-2.11334,2.27754,1.56256,1.67876
17651,2.20723,0.750235,-0.469213,-2.18149,-2.67644,-2.93172,3.96968,1.12384,0.948557
17910,-0.993184,0.587935,2.32743,-0.768845,-2.96257,-1.35678,3.25848,1.61975,1.62947
18502,0.932353,2.25372,-2.58669,-0.428579,2.76415,-2.68229,3.85165,1.2559,1.34771
18543,1.90078,0.992051,-2.6095,-0.695593,1.77291,-1.68764,2.44773,1.71657,1.8279
19176,-2.30777,0.672325,-0.779565,-0.706315,1.5282,-1.37864,2.05817,1.20314,1.06011
19484,-0.284461,0.329449,1.6582,-0.683606,1.94266,-1.01305,2.19093,1.39828,2.25356
19906,-2.69207,0.978396,1.12288,-0.321278,-2.46823,-1.29967,2.7895,1.06372,0.938652
20230,-2.08466,1.12569,1.83828,-0.0984297,-2.36024,-1.22412,2.6588,0.316118,0.415571
21262,-1.80718,1.32435,0.346204,-1.93802,2.15338,-3.26237,3.90898,0.720089,0.567886
21358,-1.57757,0.447119,3.03581,-2.25631,-1.66981,-2.70342,3.17754,1.20314,1.10941
21629,-2.71471,0.927572,1.14251,-1.77484,-2.42597,-2.70241,3.63158,1.2559,1.01683
22422,-0.639478,1.36088,1.19258,-0.677522,1.83206,-2.0384,2.74071,0.659174,0.568637
22444,0.347136,1.71515,-2.30782,-0.438111,-2.65495,-2.15326,3.41838,0.960575,1.44497
23911,-2.05853,1.9518,0.357751,-0.770986,2.41629,-2.72278,3.64033,0.528718,0.430554
24271,0.260327,0.71701,-1.69697,-1.80361,-1.9573,-2.52062,3.19132,1.16688,0.984389
24518,-2.96356,1.74712,-1.58643,-0.911772,1.37713,-2.65889,2.99436,0.663201,0.657067
25072,-1.30102,1.52012,-0.801669,-0.0678905,0.499356,-1.58801,1.66467,0.960575,0.863076
26680,-0.408495,1.83493,3.07334,-0.678006,-2.80135,-2.51294,3.7633,0.851187,0.912755
26695,-2.78693,1.61184,-0.330962,-1.51055,2.45597,-3.12239,3.97254,1.71379,1.53414
27076,-0.840238,2.02956,1.84383,-2.01022,2.68407,-4.03977,4.85015,0.851187,0.716213
27321,-1.95962,0.218903,-2.03705,-0.70315,-0.077424,-0.922053,0.925298,1.71657,1.52654
28918,1.95491,1.92953,-1.36127,-1.80323,2.967,-3.73275,4.76828,1.61975,1.38074
29778,2.68533,1.35607,-1.94273,-0.127384,1.65513,-1.48345,2.22263,0.853508,0.888302
29956,0.810523,0.0846913,-0.294375,-2.378,-1.1049,-2.46269,2.69919,0.853508,0.733118
30266,-0.57874,0.089883,-1.33402,-0.698086,-0.755282,-0.787969,1.09149,0.853508,0.759213
30288,-2.25256,1.58009,-1.62809,-0.514247,0.624464,-2.09433,2.18545,0.924035,0.79386
30839,-1.20792,0.842051,-0.939316,-1.16966,0.268605,-2.01171,2.02956,0.0482927,0.0612195
30878,-3.08677,1.34108,1.47801,-0.839972,-1.71841,-2.18105,2.77667,1.0621,1.65913
30984,-0.327827,0.677716,-0.400697,-0.265388,-0.0728693,-0.943105,0.945916,1.03136,0.857736
31160,-2.83538,2.16337,-2.63086,-1.06601,0.204524,-3.22938,3.23585,1.20314,1.05225
32883,2.13158,0.424657,-1.03639,-1.8142,3.11522,-2.23885,3.83628,1.16934,1.01331
32994,2.56468,0.986476,3.10027,-2.27371,0.535592,-3.26019,3.30389,1.06372,0.866463
33465,0.231107,0.911519,2.66465,-0.563143,2.43355,-1.47466,2.84548,1.71657,2.78773
33503,2.17363,0.60557,-0.0282011,-0.837106,-2.20183,-1.44268,2.63237,0.853508,0.812432
33943,2.89503,0.624205,1.78762,-0.525041,-1.1074,-1.14925,1.59597,0.663201,0.956327
34128,0.102111,1.84291,2.09977,-1.82666,1.99766,-3.66957,4.17808,0.575669,0.580567
34293,-2.90497,2.27326,0.779265,-0.677201,-2.59895,-2.95046,3.93189,0.817822,0.76413
35478,2.78984,1.28763,-1.02788,-0.312984,2.46546,-1.60062,2.93947,1.31123,1.15638
35979,0.70811,1.69123,-2.82434,-0.642454,2.75074,-2.33369,3.6073,0.659174,0.803574
36510,-1.68827,0.367569,2.92114,-0.784363,-1.67377,-1.15193,2.03186,1.35403,1.15851
36617,-0.485152,1.02776,0.611905,-1.54573,1.09706,-2.57349,2.79757,1.2559,1.056
36902,-2.19264,0.779971,0.774427,-0.97214,2.96706,-1.75211,3.44577,0.615078,0.688596
37031,-2.99148,1.50037,-1.59565,-0.344855,1.39583,-1.84522,2.3137,0.532171,0.460916
37701,2.59509,1.69497,1.06265,-1.98737,-1.53244,-3.68234,3.98849,0.748871,0.682338
37957,-0.876963,1.99487,-2.00522,-0.0349162,-1.12826,-2.02978,2.32228,0.251371,0.22975
38091,1.48105,0.878897,-2.19029,-1.39852,2.61184,-2.27742,3.46531,0.547852,0.481486
39601,-1.11152,2.0324,0.154524,-0.384772,1.26604,-2.41717,2.72866,1.13302,1.07975
40042,2.58316,0.198711,-1.83371,-1.14333,1.86632,-1.34204,2.29874,0.924035,0.760129
41431,0.74085,2.01706,1.34636,-1.66525,0.605505,-3.68231,3.73176,0.547852,0.529164
42654,1.97016,1.15722,-1.25371,-0.754151,3.05931,-1.91137,3.60731,1.41242,1.25475
43013,-1.44477,1.4879,1.3286,-1.90212,2.77336,-3.39002,4.37993,0.696036,0.681236
43378,-1.20443,2.2609,-2.60493,-1.03368,-1.40051,-3.29458,3.5799,0.748871,0.658807
47127,2.19697,0.112427,-2.21551,-1.25173,1.87071,-1.36415,2.31527,0.853508,0.692291
47424,-0.922311,1.18803,-0.287037,-0.202348,0.635274,-1.39037,1.52863,1.35403,1.1964
47463,0.853047,0.119251,-0.785119,-0.684348,-1.63817,-0.8036,1.82465,1.20314,1.85113
47891,-2.70636,0.0561227,0.375043,-0.519067,3.0814,-0.57519,3.13462,1.31123,1.57712
48022,-0.0453913,0.904307,-1.88297,-2.32907,-1.83758,-3.23338,3.71906,1.0621,0.953177
48828,-0.61922,1.53162,2.11148,-0.243702,2.7307,-1.77532,3.25707,0.554781,0.474364
49933,0.937851,2.34224,2.98705,-0.933352,2.0492,-3.2756,3.86377,1.12954,1.52033
50258,0.648345,5.48496e-05,-0.0561347,-0.879699,-0.704479,-0.879754,1.12706,1.03136,0.903578
50951,-2.45537,0.938534,0.787322,-1.38709,-3.04049,-2.32562,3.82794,0.992385,1.01865
51653,1.03672,1.23337,-1.27061,-2.34457,-2.30733,-3.57793,4.25739,0.528718,0.444675
51782,-1.81952,0.609943,1.75183,-2.35498,-2.71184,-2.96493,4.01807,1.41242,1.76943
51878,0.507503,0.241691,0.367267,-1.2116,-0.140236,-1.45329,1.46004,0.528718,0.444503
53847,-3.0958,1.51296,-2.9271,-1.57509,0.168694,-3.08806,3.09266,0.720089,0.720294
54783,-2.65901,0.292869,2.64127,-0.341512,-0.982912,-0.63438,1.16985,1.12384,0.957523
56086,-2.95057,0.146551,-0.437388,-1.90918,2.51318,-2.05573,3.24686,0.615078,0.527951
56181,2.00836,1.57248,-0.139654,-1.89817,-2.14801,-3.47065,4.08159,0.720089,0.64531
56887,0.601943,1.53421,0.938788,-0.810715,0.336845,-2.34492,2.36899,0.575669,0.611118
56908,-1.22328,1.7165,-0.916894,-1.78745,0.306391,-3.50395,3.51732,1.31123,1.0802
57232,-1.98408,1.69887,3.13916,-1.12344,-1.15994,-2.82231,3.05138,0.696036,0.718018
57857,2.91204,0.127143,-1.90355,-1.65123,1.46759,-1.77837,2.30574,0.532171,0.454589
58125,2.87783,0.305007,-1.088,-1.53291,2.31736,-1.83792,2.95772,0.615078,0.520314
58538,0.418859,0.297649,1.10345,-0.830054,0.684589,-1.1277,1.31923,1.20314,1.12978
58680,0.503672,2.09168,0.201622,-0.0829012,-0.30205,-2.17458,2.19546,1.16688,0.956323
58939,2.04487,1.85801,-1.98038,-1.93221,2.25794,-3.79023,4.41181,0.720089,0.621667
59151,-1.54373,1.72471,-2.20334,-2.09299,-0.659611,-3.8177,3.87426,0.532171,0.713258
59303,-2.74004,1.802,-0.280882,-0.329354,2.45916,-2.13136,3.25425,0.316118,0.296041
62892,1.336,2.18765,0.865276,-0.12415,-0.470729,-2.3118,2.35924,1.35403,1.28383
63474,-2.65069,0.589189,-1.86821,-1.89157,0.782477,-2.48076,2.60124,0.992385,0.803308
63540,-0.465448,0.930935,1.34131,-1.57099,1.80676,-2.50193,3.0861,1.20314,0.953455
64731,2.10519,0.255058,-1.24869,-0.10261,2.9293,-0.357668,2.95106,0.615078,0.501274
64921,0.875331,0.662074,-0.606986,-1.37866,-1.48232,-2.04073,2.52227,0.528718,0.514679
66187,-2.91121,0.32331,2.46779,-0.157412,-0.904179,-0.480723,1.02403,0.992385,0.817039
66756,0.175442,0.741984,-2.26802,-1.14018,-2.44346,-1.88216,3.08432,0.992385,0.84661
66968,-0.293724,0.129483,-1.82204,-0.638613,-1.52832,-0.768096,1.71048,1.71657,1.51639
67631,-1.40284,1.11181,0.337788,-1.242,1.74063,-2.35381,2.92749,0.748871,0.660562
68055,-3.07012,1.17433,-2.32361,-0.485802,0.746511,-1.66014,1.82026,1.16934,1.005
68091,1.91182,1.58029,2.04456,-1.94064,0.13274,-3.52093,3.52343,1.5526,1.359
68146,1.36094,1.28466,1.61041,-1.8124,0.249463,-3.09706,3.10709,1.5526,1.31014
68225,-3.06139,1.57236,-0.392876,-1.63281,2.66852,-3.20517,4.17062,0.532171,0.441647
70457,2.14742,0.194766,-1.75826,-1.58504,2.37751,-1.77981,2.96989,1.06372,0.875543
71318,0.317391,0.930643,3.10402,-0.0183494,2.78663,-0.948992,2.94379,0.720089,0.623771
72340,-3.02603,2.17214,-2.45864,-0.331944,0.567389,-2.50409,2.56756,0.532171,0.475952
74718,1.3709,2.23282,-1.26743,-0.390904,-2.63833,-2.62372,3.72085,1.13302,0.93561
77723,-3.06778,0.974274,-0.702757,-1.41484,2.36503,-2.38911,3.36172,1.03136,0.846804
78149,-1.16203,2.37462,1.10796,-2.30199,2.26999,-4.67662,5.19842,1.5526,2.10285
78827,1.891,0.774169,1.14278,-0.550109,-0.748223,-1.32428,1.52104,1.13302,0.937234
78903,2.79185,0.556608,0.749566,-0.132471,-2.04228,-0.689079,2.1554,0.663201,0.565613
79242,-2.59354,0.367381,2.8256,-1.89968,-0.864042,-2.26706,2.42613,0.59684,0.63638
79761,1.67865,0.231063,1.20975,-0.686982,-0.468892,-0.918045,1.03086,0.659174,0.556163
80545,1.27373,2.08783,-0.455251,-1.89683,-1.72898,-3.98466,4.3436,1.13302,0.940016
80550,1.79091,0.997668,-0.0021375,-1.4225,-1.79304,-2.42017,3.01201,0.94524,0.822669
80682,-2.63669,0.299146,-1.88489,-0.638455,0.751805,-0.937602,1.20179,0.394586,0.337175
83001,-0.672089,0.741237,1.96251,-1.88385,2.6346,-2.62509,3.71917,1.56256,1.30626
83124,-1.30479,0.823891,2.01617,-0.993259,-2.96222,-1.81715,3.47517,0.748871,0.691254
83712,0.549841,1.16136,-2.97146,-0.924657,2.76189,-2.08602,3.46114,1.20314,1.08274
83983,2.00565,0.264791,0.719625,-1.18257,-1.28603,-1.44736,1.93616,0.528718,0.741834
84781,-0.834514,0.727457,-2.89906,-0.267459,-2.06455,-0.994916,2.29177,1.12954,1.01374
84972,-0.324423,0.668908,-1.55608,-2.27349,-1.23166,-2.94239,3.18977,0.532171,0.495567
85038,2.88702,1.28654,1.09044,-0.0335787,-1.79658,-1.32012,2.22944,1.0621,0.907658
85947,2.4228,1.3297,-0.215051,-1.52085,-2.63785,-2.85054,3.88379,0.720089,0.633208
88095,1.75939,0.612406,0.499839,-1.32005,-1.25955,-1.93246,2.3067,0.547852,0.473035
88131,2.46232,0.0147904,-1.98369,-0.120098,1.83718,-0.134889,1.84213,0.94524,0.802189
88252,0.818897,2.23808,-2.01213,-1.36087,-2.83103,-3.59895,4.57899,1.12954,1.06618
88337,-2.43428,0.511071,-2.89383,-0.269515,-0.459547,-0.780586,0.905813,0.554781,0.460222
90313,-1.40488,2.25302,1.8279,-0.767071,-3.05041,-3.02009,4.29254,1.0621,1.01158
91519,-1.52185,0.401218,1.58368,-0.454706,3.10553,-0.855923,3.22132,0.547852,0.492651
92801,2.52409,1.99392,0.0726497,-0.31612,-2.45144,-2.31004,3.36836,1.47371,1.902
92883,-0.50049,0.59354,1.12938,-1.83799,1.62987,-2.43153,2.92726,1.0621,0.82569
93339,2.39782,0.116147,-2.80179,-1.65528,1.08357,-1.77142,2.07655,1.12384,0.971611
93427,1.3963,1.18063,2.1873,-1.92609,0.791,-3.10672,3.20584,0.615078,0.530107
93854,0.232637,1.41145,-1.32584,-2.11299,-1.55848,-3.52444,3.85364,0.554781,0.477378
93906,-0.547705,2.25135,2.02806,-1.29094,2.57576,-3.54228,4.37976,0.59684,0.584648
94020,1.46804,0.343347,2.11005,-0.104524,0.642008,-0.447871,0.782791,0.547852,0.533819
94181,-2.77667,0.294421,-1.23141,-1.09688,1.54526,-1.3913,2.07931,0.575669,0.50107
94194,-1.04295,0.270251,1.59468,-0.438337,2.63762,-0.708588,2.73115,1.71657,1.69305
94253,0.629999,0.56559,0.25412,-0.827593,-0.37588,-1.39318,1.443,0.532171,0.477213
94281,0.262628,0.721124,0.906589,-0.162494,0.643961,-0.883618,1.09337,0.924035,1.1218
95777,-1.66725,1.37043,1.87808,-1.87757,-2.73786,-3.248,4.24798,1.47371,1.24507
96453,-0.779938,2.04683,-1.76409,-2.09412,-0.984156,-4.14095,4.25629,0.851187,0.735972
96807,-2.1884,0.00443821,1.81147,-0.343704,-2.28332,-0.348143,2.30971,1.68404,1.46728
98161,1.26258,1.5489,-1.36671,-1.64775,-2.62929,-3.19666,4.13906,0.615078,0.522976
98735,0.676858,0.304078,-2.24739,-1.3156,-2.92425,-1.61968,3.34284,0.720089,0.660534
99045,0.6045,1.62819,0.737295,-1.96648,0.132796,-3.59466,3.59712,0.720089,0.960651
99514,1.06658,0.722464,1.3366,-1.20834,0.270016,-1.93081,1.9496,1.20314,1.26331
99778,0.51033,0.220744,-2.76015,-0.51631,3.0127,-0.737054,3.10155,1.06372,1.47192
99803,0.0712139,0.201192,-1.49278,-1.70127,-1.56399,-1.90246,2.46281,1.61975,1.24492
101440,-2.7053,0.687654,1.32264,-1.68511,-2.25525,-2.37276,3.27355,0.615078,0.519439
101466,-0.344387,1.79069,0.180359,-2.00762,0.524746,-3.79831,3.83438,0.0558713,0.0514472
101663,1.24024,2.27854,-1.61406,-1.39471,-2.8543,-3.67325,4.65186,0.59684,0.814881
101930,0.374105,1.80051,-1.92196,-1.97398,-2.29606,-3.77449,4.41799,0.165214,0.149328
102752,3.06476,2.16604,2.91189,-2.12165,-0.152867,-4.28769,4.29042,1.16688,1.15673
103170,1.69515,1.40461,-3.11078,-1.53324,1.47726,-2.93785,3.28836,1.2559,1.10171
103237,2.12837,0.87821,1.05416,-1.98282,-1.07421,-2.86103,3.05605,0.960575,0.86211
104172,-3.07221,0.506007,-0.734057,-0.434308,2.33816,-0.940315,2.52015,1.2559,1.3716
105395,0.263551,0.415968,2.99822,-2.04966,2.73467,-2.46563,3.68209,0.94524,0.866825
107028,1.97863,0.394602,-0.749885,-0.712557,-2.72852,-1.10716,2.94459,0.547852,0.468884
107850,2.62043,0.259435,-2.66747,-1.13441,0.99529,-1.39384,1.71272,1.12384,1.0208
108196,-2.08564,0.374678,1.33705,-0.992868,-2.8605,-1.36755,3.17059,0.817822,0.705756
108664,-1.7399,1.41766,-2.68119,-1.77648,-0.941285,-3.19414,3.32995,1.35403,1.12848
109121,1.50438,0.187171,-1.09246,-0.54799,-2.59684,-0.73516,2.6989,0.992385,1.09893
109625,-2.5426,0.12543,-2.98897,-0.726044,-0.446368,-0.851473,0.96138,1.20314,0.98385
111363,-3.12328,0.0143509,0.298392,-2.36495,-2.86151,-2.3793,3.72147,0.528718,0.44321
111642,-2.57798,1.78621,-2.51142,-1.89903,0.0665622,-3.68524,3.68584,1.61975,1.38514
112412,1.51622,1.57277,-1.03127,-1.99654,-2.54749,-3.56931,4.38517,0.659174,0.582114
113121,-2.96124,0.885352,-2.17426,-0.777177,0.786987,-1.66253,1.83939,0.532171,0.479048
113645,2.612,1.58747,-0.714192,-1.38559,2.95699,-2.97306,4.1932,1.41242,1.20728
114011,0.12581,0.217393,-0.927782,-1.81195,-1.05359,-2.02934,2.28655,0.659174,0.64349
115275,-0.299194,1.17005,2.5325,-1.98213,2.83169,-3.15218,4.2373,0.659174,0.987805
115998,1.702,0.468111,-2.60637,-0.139469,1.97482,-0.60758,2.06617,1.47371,1.53523
118880,0.7525,1.14015,1.94947,-2.35488,1.19697,-3.49503,3.69431,1.20314,1.05394
119441,1.31753,0.631686,-1.36481,-2.33292,-2.68234,-2.96461,3.99798,0.777161,0.639415
120118,1.62338,0.492137,1.89837,-1.20682,0.274989,-1.69896,1.72107,1.20314,1.63786
123258,2.3352,2.39472,1.44956,-1.7766,-0.88564,-4.17132,4.26431,0.960575,1.2006
123657,2.9383,0.438525,0.301492,-2.24767,-2.63681,-2.68619,3.76409,0.924035,0.778655
124542,0.0158478,1.13167,-2.77515,-0.0509244,-2.791,-1.1826,3.03121,1.12384,0.981505
126292,2.62695,1.67901,-3.07216,-2.23044,0.584082,-3.90945,3.95284,1.13302,1.28858
126362,-2.70611,2.32512,-1.16962,-2.09057,1.53649,-4.41569,4.67537,0.547852,0.503932
126380,2.69576,2.24464,0.655851,-0.141488,-2.03991,-2.38613,3.13924,0.659174,0.785549
126503,-2.36875,1.12601,1.30379,-0.306005,-2.61064,-1.43202,2.9776,0.748871,0.754328
127016,1.63342,1.86764,-0.66181,-2.39425,-2.29523,-4.2619,4.84065,0.59684,0.473942
127336,2.95419,1.00735,-1.68036,-1.49421,1.64863,-2.50156,2.99597,1.71379,2.71274
128991,-2.63453,0.439404,-0.949844,-2.02318,1.68469,-2.46259,2.98371,0.394586,0.436567
129526,2.63625,1.07701,0.147228,-1.89874,-2.48902,-2.97575,3.87947,0.851187,0.696059
129696,1.95366,1.10426,-0.592547,-0.0516977,-2.54621,-1.15596,2.79632,0.663201,0.615644
130108,0.918785,2.07085,2.93287,-1.88024,2.01409,-3.95109,4.43483,0.659174,0.617318
131247,1.12692,0.148283,-1.56713,-0.149874,-2.69406,-0.298156,2.71051,1.2559,1.13758
132447,2.88469,0.0558035,-2.12773,-1.70905,1.27077,-1.76485,2.17476,0.696036,0.847113
132928,-1.77911,0.700322,-2.99267,-1.41901,-1.21357,-2.11934,2.4422,0.992385,0.887581
133506,2.47927,1.39007,2.52222,-0.480807,0.0429451,-1.87088,1.87137,1.12384,1.37641
133640,-2.98255,1.83161,1.11221,-1.95507,-2.18843,-3.78668,4.37358,0.817822,0.664493
133890,1.88227,1.82833,1.08939,-1.84651,-0.792882,-3.67484,3.75941,1.16688,1.00808
134442,0.497478,0.557511,-0.201204,-0.929599,-0.698683,-1.48711,1.64306,0.615078,0.529591
134956,0.343619,0.192229,1.29812,-0.255896,0.954506,-0.448125,1.05447,1.0621,0.842455
135323,0.961925,1.38218,-0.473838,-0.769926,-1.43576,-2.15211,2.58708,1.71379,2.65225
136354,1.52397,0.731091,-2.25702,-0.721629,2.5022,-1.45272,2.89334,1.06372,0.914813
136720,2.9406,0.60178,2.24301,-1.71657,-0.697595,-2.31835,2.42103,1.31123,1.24278
137937,-0.447333,0.566926,-0.886129,-1.63147,-0.438796,-2.1984,2.24176,0.575669,0.4941
138081,2.04516,1.65337,-0.563582,-0.929955,-2.60875,-2.58332,3.67139,0.853508,0.732807
139566,0.34949,0.639707,3.06319,-1.16122,2.7137,-1.80092,3.25691,0.659174,0.540587
139678,0.681661,1.42284,-1.73188,-1.83054,-2.41354,-3.25338,4.05088,0.554781,0.482583
140022,1.95282,1.62531,-1.43383,-0.807257,2.89654,-2.43257,3.7825,0.554781,0.628543
140292,0.369999,0.804634,-0.120723,-1.65775,-0.490722,-2.46238,2.5108,1.31123,1.16764
141971,-1.43292,0.600449,-1.09442,-0.388471,0.338493,-0.98892,1.04525,0.748871,0.713649
142253,2.16846,0.526211,-1.42788,-0.197565,2.68685,-0.723776,2.78263,0.777161,0.608957
142994,0.974221,1.64069,-0.941579,-0.543397,-1.9158,-2.18409,2.90526,0.575669,0.476551
143857,1.43372,0.334753,2.50789,-1.00927,1.07417,-1.34403,1.72054,1.06372,1.04329
144389,-1.81214,0.777033,1.1432,-1.68777,2.95533,-2.4648,3.84828,0.663201,0.563567
144702,1.65254,2.06574,-2.18663,-1.74098,2.44402,-3.80672,4.52376,1.0621,1.01817
147234,-2.98947,0.908886,3.11036,-2.03648,-0.183351,-2.94537,2.95107,0.615078,0.494904
147566,2.53752,1.59276,-2.02632,-1.74262,1.71935,-3.33538,3.75246,1.03136,0.846347
148017,2.55005,0.895379,-1.98439,-1.54738,1.74875,-2.44276,3.0042,0.547852,0.461723
148458,-1.72587,0.295373,-2.52307,-1.96049,-0.797199,-2.25586,2.39258,1.71379,1.32672
150296,0.582352,0.300443,-0.719904,-0.920042,-1.30226,-1.22049,1.78478,1.06372,0.900275
151097,0.960989,0.0610901,-0.746926,-2.22191,-1.70792,-2.283,2.85115,0.720089,0.610924
152162,2.35399,1.06029,2.98677,-1.71645,0.632776,-2.77673,2.84792,1.31123,1.13828
152334,-2.31358,0.864986,-0.368318,-1.64768,1.94526,-2.51267,3.17766,1.31123,1.12024
152990,-1.10285,1.4568,2.0661,-0.448082,-3.11423,-1.90488,3.65062,0.777161,0.70255
153647,-1.13955,1.81449,1.96542,-1.42435,3.10497,-3.23884,4.48675,0.992385,0.864257
153736,-0.142645,1.44726,-2.8728,-2.11064,-2.73015,-3.5579,4.48468,1.20314,0.950557
154169,-2.52098,1.06085,-1.50924,-0.725871,1.01174,-1.78672,2.05329,0.720089,0.625176
155276,3.07046,1.77874,2.79791,-0.307305,-0.272549,-2.08604,2.10377,1.12954,1.1221
155648,1.72409,1.46032,1.11408,-2.31733,-0.610005,-3.77765,3.82659,0.960575,0.807108
156189,-2.62707,0.829284,1.86783,-0.844832,-1.78829,-1.67412,2.44962,1.2559,1.39309
156320,1.58547,1.25765,1.9322,-0.617335,0.346727,-1.87498,1.90677,0.853508,0.670139
157612,2.31211,0.640408,-1.98852,-1.29881,1.98256,-1.93922,2.77329,1.03136,0.87117
157615,0.890956,1.2269,-2.60233,-0.889485,2.7899,-2.11639,3.5018,0.532171,0.503284
158070,-2.2852,1.96067,3.10498,-0.245366,-0.893004,-2.20604,2.37993,1.16934,1.01296
158087,-2.30341,1.22313,-2.02269,-0.09528,0.280719,-1.31841,1.34796,1.12384,0.977164
158273,1.34215,1.15685,-0.682096,-1.94648,-2.02425,-3.10333,3.70517,0.960575,0.927539
159973,1.53511,0.10716,-2.73137,-1.60535,2.0167,-1.71251,2.64571,0.59684,0.568233
160105,2.54264,0.55868,2.56004,-1.34574,0.0174015,-1.90442,1.9045,1.20314,1.16047
160302,0.180838,0.0607616,-0.738734,-0.0524571,-0.919572,-0.113219,0.926516,1.5526,1.33008
161178,2.85212,1.61478,-2.66708,-1.30822,0.763987,-2.92299,3.02119,1.35403,1.23282
161219,-2.60421,1.39251,-2.78221,-0.267297,-0.177998,-1.65981,1.66932,0.720089,0.634898
162016,2.96401,1.1271,2.57056,-0.539859,-0.393455,-1.66696,1.71277,0.960575,0.828628
162636,1.61763,0.580016,1.75248,-0.705993,0.134846,-1.28601,1.29306,0.528718,0.445702
162810,0.367982,0.675201,-2.00336,-0.567717,-2.37135,-1.24292,2.67734,0.663201,0.555772
163177,-2.11159,2.1661,2.54863,-0.60394,-1.62296,-2.77004,3.21047,0.748871,0.7653
163497,1.33211,1.98991,1.72909,-0.956779,0.396978,-2.94669,2.97331,0.528718,0.474282
163908,-1.21823,0.49873,-0.0659275,-0.493345,1.15231,-0.992075,1.52053,1.5526,1.22027
164867,0.438179,1.8714,1.47237,-1.27648,1.03419,-3.14787,3.31341,1.13302,1.61253
165066,-0.752065,0.633336,0.601438,-1.92788,1.3535,-2.56122,2.89686,0.532171,0.670434
165275,-0.273918,1.6007,-1.64795,-0.442645,-1.37403,-2.04334,2.46236,0.547852,0.447026
165762,-1.71155,1.03517,0.457447,-0.929949,2.16899,-1.96512,2.92681,0.663201,0.604852
166127,1.45009,2.22049,-2.74543,-0.70288,2.08766,-2.92337,3.59228,0.59684,0.50266
166886,1.96247,0.309056,1.75589,-2.12,-0.206578,-2.42906,2.43783,1.41242,2.0603
167114,-2.85208,1.44103,0.0147961,-0.805034,2.86688,-2.24607,3.64195,0.924035,0.811013
167790,-0.608626,2.39257,-1.4392,-1.60099,-0.830571,-3.99356,4.07902,1.06372,1.01003
168678,1.4758,1.20539,-2.41098,-1.59049,2.39641,-2.79589,3.68235,0.853508,1.01994
168815,-0.387077,2.02834,-0.874956,-0.144215,-0.487879,-2.17256,2.22667,0.547852,0.454383
169170,-0.678199,0.765046,2.22682,-2.32551,2.90502,-3.09055,4.24154,1.42876,1.2404
169450,0.474352,1.60164,1.38426,-0.387966,0.909904,-1.98961,2.1878,0.851187,0.69084
169464,0.915477,0.386653,-0.929221,-0.62223,-1.8447,-1.00888,2.10256,0.0910531,0.149336
169540,-3.1065,0.797152,1.09579,-1.19233,-2.08089,-1.98948,2.87891,0.615078,0.545721
169598,0.810972,0.0196274,0.227072,-1.23666,-0.5839,-1.25629,1.38535,1.20314,1.00396
170053,-3.11965,2.29673,2.55069,-1.20139,-0.61285,-3.49812,3.5514,1.31123,1.08065
170174,1.57464,0.214544,-2.76921,-2.06353,1.93934,-2.27808,2.99177,0.532171,0.690997
170447,-2.6389,0.90062,-0.122366,-0.310452,2.51653,-1.21107,2.79278,0.663201,0.613326
170755,2.53012,1.98424,-1.09528,-1.18225,2.65778,-3.16649,4.13406,0.615078,0.753277
170894,0.0954318,1.51637,1.14733,-0.763197,1.0519,-2.27957,2.51056,0.777161,0.814189
171024,2.67788,1.17914,-2.39316,-1.80208,1.21215,-2.98122,3.21822,0.720089,0.700697
171660,-0.497938,1.41771,-0.765274,-0.612666,-0.267336,-2.03037,2.0479,1.13302,1.06132
171812,-0.199715,1.14639,-0.289645,-1.68061,-0.0899306,-2.82699,2.82842,0.720089,0.587533
172305,-2.18757,1.94436,-2.56489,-0.211762,-0.377319,-2.15612,2.18889,0.777161,0.638431
174570,-2.79213,1.24477,1.20243,-1.68574,-2.28862,-2.93051,3.71829,0.59684,0.481954
176525,0.693726,1.82882,1.09628,-0.813991,0.402559,-2.64281,2.6733,0.94524,0.991069
177573,-2.93682,0.952879,-0.393525,-1.88506,2.54329,-2.83794,3.81081,0.853508,0.798991
177818,-0.406426,1.99031,-0.820263,-1.23623,-0.413837,-3.22653,3.25297,0.394586,0.372346
180231,2.21306,0.140617,-0.874768,-1.47412,-3.08783,-1.61474,3.48454,0.554781,0.731858
180254,2.07934,0.490524,-1.77474,-2.15781,2.42911,-2.64833,3.59364,0.0672966,0.0844706
181329,0.328064,2.05216,3.07395,-0.878691,2.74588,-2.93085,4.01618,1.61975,1.507
184772,1.24013,0.591452,-2.66584,-0.291154,2.37721,-0.882606,2.53577,0.992385,0.862729
185979,3.03685,0.533441,-0.234607,-1.39499,3.01173,-1.92844,3.57623,1.41242,1.20899
187172,1.16878,0.0891931,-0.826203,-2.12317,-1.99498,-2.21237,2.97901,0.960575,0.83682
187291,0.688501,0.409369,-0.728594,-0.0118077,-1.4171,-0.421176,1.47836,0.532171,0.741034
187388,1.48371,1.47761,-1.66622,-1.17207,3.13326,-2.64968,4.10343,0.575669,0.542478
187868,-0.538041,1.13935,2.9304,-0.954953,-2.81475,-2.0943,3.5084,0.659174,0.631146
187990,1.54481,1.98269,-2.31594,-0.822713,2.42244,-2.80541,3.70655,0.547852,0.454343
188174,-1.43859,0.00357585,1.22356,-0.198623,2.66215,-0.202199,2.66982,0.720089,0.695836
188225,-2.25806,1.48034,-0.14208,-1.4797,2.11598,-2.96005,3.63858,0.924035,0.819147
189050,1.45424,0.674466,0.428292,-1.23871,-1.02595,-1.91317,2.1709,0.992385,0.905421
191052,-1.63574,0.0212304,1.09934,-0.748937,2.73508,-0.770168,2.84145,0.851187,0.744973
194626,-3.11833,1.65757,1.85303,-0.87622,-1.31183,-2.53379,2.85324,1.31123,1.23833
194935,2.86735,2.28501,0.125735,-0.159532,-2.74161,-2.44454,3.67318,0.777161,0.676952
195035,2.93461,0.979588,-2.76008,-0.859782,0.588491,-1.83937,1.93122,0.960575,0.833952
196361,-0.772372,1.60735,0.967563,-0.45215,1.73993,-2.0595,2.69609,1.31123,1.10973
198077,2.18814,0.255588,-1.49906,-1.30292,2.59599,-1.55851,3.02789,0.924035,0.810641
198638,-1.22578,1.13251,2.48843,-1.61859,-2.56897,-2.7511,3.76406,0.476792,0.396438
199287,2.0438,1.91922,-0.529622,-0.121362,-2.57342,-2.04058,3.28427,1.12384,0.993288
200142,-2.1411,1.86622,2.46935,-0.768654,-1.67274,-2.63487,3.12099,0.528718,0.468857
201108,-2.33497,0.821418,-2.89843,-0.0222926,-0.563455,-0.843711,1.01456,1.31123,1.79724
201647,-0.0622225,1.26684,-1.45307,-1.51347,-1.39084,-2.78032,3.10879,1.71379,1.38669
201971,0.815785,0.481911,-0.982037,-1.26071,-1.79782,-1.74262,2.50378,0.924035,0.746996
202048,2.63026,0.562161,-1.65444,-1.0058,1.99848,-1.56796,2.54016,1.06372,1.33329
202525,-1.12787,0.378887,-0.605075,-2.18322,0.522799,-2.56211,2.6149,0.851187,0.750935
205032,-1.81853,1.70754,3.08397,-0.911905,-1.38068,-2.61944,2.96104,1.16934,1.02907
205784,-0.157673,0.664757,1.8004,-0.696211,1.95807,-1.36097,2.38459,0.547852,0.432689
895,-0.364667,2.04703,0.851881,-0.484931,1.21655,-2.53197,2.80906,88.5829,67.4765
3489,-0.032319,1.30557,-2.94478,-1.29908,-2.91247,-2.60465,3.90726,14.0857,14.2603
3796,2.80414,0.932831,0.767663,-0.57618,-2.03648,-1.50901,2.53463,60.8912,54.8677
4117,-2.09067,2.33711,-2.32724,-1.25336,-0.236567,-3.59046,3.59825,88.6528,89.0381
4238,-2.64136,1.66648,-0.831279,-0.0124919,1.81008,-1.67897,2.46888,89.3242,129.174
4767,-2.71708,1.24461,-2.77708,-0.788584,-0.0600019,-2.03319,2.03407,88.2291,73.5566
4993,-0.469724,1.21417,-2.57201,-1.40025,-2.10229,-2.61442,3.35482,39.9972,34.8402
5565,-3.12116,1.55705,-2.40138,-0.354321,0.719774,-1.91137,2.0424,81.4777,67.3241
6017,-2.95444,0.151372,-0.574465,-1.12179,2.37997,-1.27316,2.69911,88.6528,59.9633
895,-0.364667,2.04703,0.851881,-0.484931,1.21655,-2.53197,2.80906,88.5829,67.4765
3489,-0.032319,1.30557,-2.94478,-1.29908,-2.91247,-2.60465,3.90726,14.0857,14.2603
3796,2.80414,0.932831,0.767663,-0.57618,-2.03648,-1.50901,2.53463,60.8912,54.8677
4117,-2.09067,2.33711,-2.32724,-1.25336,-0.236567,-3.59046,3.59825,88.6528,89.0381
4238,-2.64136,1.66648,-0.831279,-0.0124919,1.81008,-1.67897,2.46888,89.3242,129.174
4767,-2.71708,1.24461,-2.77708,-0.788584,-0.0600019,-2.03319,2.03407,88.2291,73.5566
4993,-0.469724,1.21417,-2.57201,-1.40025,-2.10229,-2.61442,3.35482,39.9972,34.8402
5565,-3.12116,1.55705,-2.40138,-0.354321,0.719774,-1.91137,2.0424,81.4777,67.3241
6017,-2.95444,0.151372,-0.574465,-1.12179,2.37997,-1.27316,2.69911,88.6528,59.9633
6868,2.06286,0.956899,-0.140721,-1.542,-2.20359,-2.4989,3.33171,52.9812,52.9961
6869,-2.24236,0.673031,1.90995,-1.50827,-2.13088,-2.1813,3.04938,89.477,74.7112
7111,-1.12554,1.09629,-1.25597,-0.414471,-0.13043,-1.51076,1.51638,75.8438,68.3884
7194,1.9676,1.86334,-2.06351,-1.59349,2.25208,-3.45683,4.12572,108.06,92.5282
9145,-1.89217,1.80731,2.49815,-1.27858,-1.89287,-3.08588,3.62017,68.0987,48.7356
9474,-1.0297,0.86002,-1.37663,-0.339323,-0.346935,-1.19934,1.24851,60.8912,50.9678
10115,-0.666346,0.569925,2.04236,-0.0673302,2.7087,-0.637255,2.78265,88.841,77.1101
11339,-2.01591,1.16123,1.50372,-1.59232,-2.76355,-2.75356,3.90119,76.8264,108.587
12203,1.92237,1.62723,-2.31011,-2.2669,2.0507,-3.89413,4.4011,86.2136,67.937
12769,0.313455,0.561244,-2.98397,-1.86785,2.98576,-2.42909,3.84906,78.1056,67.428
15883,-2.43872,0.93964,2.90179,-1.40661,-0.942667,-2.34625,2.52854,99.9062,50.4544
16198,-0.13172,0.671161,-0.274672,-1.86288,-0.142953,-2.53404,2.53807,78.1056,63.2471
17014,2.88858,0.997777,-0.39905,-0.256343,2.99555,-1.25412,3.24748,60.4668,44.7584
17091,2.48859,2.35301,2.83599,-1.17449,0.3474,-3.5275,3.54457,73.0998,61.5569
17225,-2.02756,1.63577,1.16299,-0.844416,-3.09263,-2.48019,3.9643,53.3373,44.0363
17779,-0.764194,1.65338,2.94359,-0.249529,-2.5754,-1.90291,3.20214,9.68143,8.73172
19007,-0.894343,0.548552,-2.51516,-0.464085,-1.62082,-1.01264,1.91115,89.6201,87.1384
19482,-0.986554,1.90338,2.34035,-1.9072,-2.95628,-3.81058,4.82287,67.8171,56.43
19549,-0.974093,0.600238,1.25321,-0.464063,2.2273,-1.0643,2.46852,0.583644,0.475122
20120,0.631816,1.90336,0.0200709,-0.32939,-0.611745,-2.23275,2.31503,60.4668,81.0092
20210,-0.577919,0.901247,1.71244,-2.32478,2.29036,-3.22603,3.95639,81.4777,73.41
20239,-2.80355,0.044444,-3.08702,-1.14706,-0.283465,-1.19151,1.22476,86.2136,87.4824
21449,2.95478,0.952854,-0.0773461,-2.35539,-3.03213,-3.30825,4.48757,89.7384,78.1514
22210,-0.863931,0.459079,1.42797,-0.369076,2.2919,-0.828155,2.43693,89.477,76.3576
22999,1.42714,0.226398,2.70895,-2.35774,1.28182,-2.58414,2.88459,52.9812,49.1439
23728,-2.89029,0.500971,-2.47505,-1.2795,0.415237,-1.78047,1.82825,60.4668,69.9977
24950,-0.9504,1.25207,-0.844869,-0.254305,0.10553,-1.50638,1.51007,78.1056,72.8183
25088,-2.58179,0.84699,-0.0774531,-1.03446,2.50434,-1.88145,3.13234,4.88666,4.31378
27225,-1.17204,2.2023,-0.707476,-1.75881,0.464566,-3.96111,3.98826,74.2981,98.5631
27634,-2.15005,0.496878,0.452848,-0.548238,2.6029,-1.04512,2.80488,59.033,50.9366
27995,-1.68237,0.725545,1.45633,-1.44011,3.1387,-2.16565,3.81333,89.345,104.548
29450,-1.50484,1.0707,-2.03793,-1.02831,-0.533083,-2.09901,2.16565,94.0735,81.6783
29824,0.512354,0.478494,-0.919453,-2.13116,-1.43181,-2.60965,2.97663,20.3601,19.2016
31398,1.174,1.00286,0.161212,-1.94292,-1.01279,-2.94578,3.11502,63.92,54.9882
31479,-0.040167,1.92619,-1.96535,-0.260315,-1.92518,-2.1865,2.91327,78.1056,65.4258
31491,-0.384553,1.76514,1.40187,-1.54862,1.78643,-3.31375,3.76461,89.7384,74.283
32536,1.04448,0.0889872,-2.98804,-0.54854,2.25066,-0.637527,2.33921,89.477,86.6922
34767,2.14128,0.908742,-2.96267,-0.469634,1.17923,-1.37838,1.81398,63.92,56.4048
36397,3.09576,0.973786,-1.4823,-1.66073,1.70512,-2.63451,3.13817,52.9812,49.1828
36835,-1.31378,1.18208,-0.893183,-2.36081,0.420599,-3.54289,3.56776,87.4853,77.8643
39054,2.68634,1.99786,2.23435,-1.26797,-0.451993,-3.26583,3.29696,89.3242,61.0886
39246,1.36775,2.0032,0.398661,-1.39356,-0.969093,-3.39676,3.53229,89.6201,74.7028
39506,-1.14278,0.343552,-2.39542,-1.46737,-1.25264,-1.81093,2.20195,63.92,54.7321
39978,-0.0534853,1.88026,0.61361,-0.604331,0.667095,-2.48459,2.57259,105.359,97.3991
39983,-1.8202,1.45822,-0.915826,-0.417612,0.904374,-1.87583,2.08246,60.8912,67.158
40355,2.99316,0.426897,-3.04672,-1.16933,0.243298,-1.59623,1.61466,88.3913,79.8343
40791,-1.92406,2.22494,0.622148,-1.45778,2.5462,-3.68272,4.47723,89.6201,66.7791
41339,1.47919,1.93804,2.97898,-0.697591,1.4998,-2.63563,3.03248,87.4853,73.6347
42441,-3.03462,0.975338,1.68546,-0.604445,-1.5631,-1.57978,2.22239,89.6201,75.0475
42772,2.6298,0.716612,2.71748,-0.0140997,0.0876777,-0.730712,0.735953,99.9062,86.3074
42791,-3.10851,1.46944,2.60063,-1.7534,-0.574049,-3.22284,3.27356,89.477,69.7675
43798,-0.244181,0.643815,-0.516861,-1.34975,-0.272679,-1.99356,2.01213,78.1056,70.3156
44112,-0.278004,2.36332,-1.89048,-0.762381,-1.61247,-3.1257,3.51711,81.4777,62.6087
44897,-2.40112,1.15818,-2.97053,-0.494522,-0.569411,-1.65271,1.74805,0.755164,0.646857
45474,1.74537,0.397371,2.52672,-1.90184,0.781348,-2.29921,2.42835,39.9972,35.3601
45915,0.319921,0.658429,-0.26329,-1.87065,-0.583211,-2.52907,2.59545,108.06,91.7415
46090,0.691496,2.26083,2.47761,-0.652808,1.78611,-2.91364,3.41752,89.3242,62.4264
46399,1.49291,0.649538,1.31239,-1.92652,-0.180528,-2.57606,2.58238,84.555,69.3011
46755,-0.984884,2.1158,-2.16153,-1.08113,-1.17664,-3.19694,3.40659,68.0987,56.5587
48348,2.77821,1.67242,-0.682301,-0.514191,2.82267,-2.18661,3.57054,39.9972,33.6509
48739,1.17534,1.93947,-1.29553,-0.554445,-2.47088,-2.49392,3.51068,79.6477,69.2927
56508,1.85786,2.2385,-1.08828,-0.099299,-2.94614,-2.3378,3.76099,68.0987,63.7532
56832,-1.73548,0.34217,-0.671398,-0.674501,1.06409,-1.01667,1.4717,83.8589,80.1938
57184,2.30348,1.35499,2.80576,-0.637665,0.502286,-1.99266,2.05499,76.8264,69.6531
60259,-2.98809,0.530002,-0.657714,-1.675,2.33038,-2.205,3.20822,89.7384,73.0284
60878,1.2832,2.36275,0.320935,-0.859018,-0.962266,-3.22177,3.3624,75.8438,57.6775
61609,1.3936,1.53611,-1.54325,-0.753969,-2.93685,-2.29008,3.72418,59.033,50.6182
61706,-0.904695,0.859572,0.367403,-0.0250435,1.2721,-0.884615,1.54944,2.10709,1.7018
62084,-2.92626,0.163622,2.1657,-0.727932,-1.19123,-0.891554,1.48792,89.477,75.5968
62670,1.74179,1.14102,-2.27286,-0.539882,2.26853,-1.68091,2.82341,60.8912,84.8563
63029,0.252744,0.766215,-1.57373,-2.23096,-1.82647,-2.99718,3.50985,89.477,75.4809
63548,3.08076,0.0562859,2.92737,-2.22369,-0.153388,-2.27997,2.28513,55.7877,44.716
63997,-0.561774,2.14776,-2.89658,-1.63466,-2.33481,-3.78242,4.445,105.359,87.3306
65018,-2.2365,0.87071,-2.28016,-2.20867,-0.0436616,-3.07938,3.07968,39.9972,35.2815
65103,-2.81729,2.393,-1.54056,-0.156832,1.27674,-2.54984,2.85162,52.9812,25.2148
66338,1.20252,0.0971629,-0.215727,-1.73725,-1.41825,-1.83441,2.31873,6.84438,5.63956
66825,-3.11004,1.21572,2.27224,-0.211716,-0.900905,-1.42743,1.68796,81.4777,99.0034
67258,2.69123,0.915483,2.87551,-0.918521,0.184281,-1.834,1.84324,89.345,72.6694
68597,1.97424,1.0404,-0.949096,-1.1666,-2.92334,-2.207,3.66288,89.7384,66.8549
69108,1.19832,1.88443,-1.47612,-1.92995,-2.67444,-3.81438,4.65855,78.1056,65.9743
69812,2.68299,1.31393,3.1202,-0.582026,0.437208,-1.89596,1.94571,81.9397,66.283
70579,0.597938,0.629034,1.09581,-1.32329,0.497867,-1.95232,2.01481,68.0987,55.4103
70820,-3.10494,0.989415,-3.05831,-0.0963836,0.0466259,-1.0858,1.0868,55.5149,33.1724
71231,2.11459,0.896921,0.370673,-1.28771,-1.74391,-2.18463,2.79532,63.92,55.6176
72153,2.98226,0.874773,0.575927,-2.02217,-2.40633,-2.89694,3.76599,89.4776,120.601
72454,0.683997,0.326867,-0.597285,-0.0568649,-1.28128,-0.383732,1.33751,89.4776,78.5587
74929,0.219346,0.488749,-0.0889744,-0.424052,-0.30832,-0.912801,0.963466,3.57403,3.25321
76090,2.23274,2.08629,-2.47637,-1.59203,1.57407,-3.67833,4.00097,76.8264,65.2619
76346,1.77724,0.108788,-3.06892,-2.11598,1.43703,-2.22476,2.64852,82.3692,67.3904
76718,2.94503,0.067003,2.64998,-2.30061,-0.29505,-2.36762,2.38593,53.3373,39.779
76762,0.0328282,2.27359,3.07988,-0.929725,3.04706,-3.20331,4.42106,88.5823,68.807
78742,2.68539,0.616777,-0.175322,-0.134564,-2.86072,-0.751341,2.95774,89.477,118.428
79322,-2.83726,0.214786,1.25492,-0.941222,-2.191,-1.15601,2.47726,89.6201,74.2825
81702,3.09876,0.669165,1.11422,-1.08238,-1.98454,-1.75155,2.64695,79.6477,113.332
82122,-1.3773,0.70815,-0.369194,-1.55241,1.00811,-2.26056,2.47516,75.8438,65.2222
83333,0.62252,2.07426,-0.0574336,-0.592815,-0.679954,-2.66707,2.75239,6.84438,5.91238
83805,1.25092,0.00453929,3.0112,-1.26995,1.76028,-1.27449,2.17322,75.8438,61.0827
84275,-2.65533,1.52686,0.701991,-0.920526,-2.92586,-2.44738,3.81449,88.5829,135.562
85298,-0.655322,0.0961156,2.79467,-0.677006,-2.83319,-0.773122,2.93678,88.6528,80.5498
85760,1.9014,0.7859,-1.08828,-0.00591887,-2.98967,-0.791819,3.09275,81.4777,70.5654
86474,-0.307099,0.990883,1.22442,-0.161612,1.53152,-1.15249,1.91672,20.3601,23.4447
87941,-0.77233,0.0456684,-2.39617,-1.36904,-1.62384,-1.41471,2.15367,68.0987,85.3489
91537,-1.40925,0.811394,0.390146,-1.66239,1.79939,-2.47379,3.05899,89.4776,77.3791
91607,-2.79614,1.72786,2.24362,-1.1244,-1.24343,-2.85227,3.11152,53.3373,29.6321
91619,0.313151,0.449262,-1.35954,-2.01994,-1.67269,-2.4692,2.98242,89.3242,69.4014
91753,1.7338,0.565402,1.80778,-0.719388,0.0739836,-1.28479,1.28692,52.804,43.7538
92829,1.43161,0.0529317,-0.0510948,-1.76451,-1.4827,-1.81744,2.34553,85.4091,75.7061
94803,2.18281,0.877293,-2.02891,-1.50341,2.07147,-2.3807,3.15574,89.3242,71.8549
95693,-1.95166,1.38243,-2.05938,-0.903973,-0.107727,-2.28641,2.28894,82.3558,66.7247
95911,-2.7295,1.87701,2.04642,-1.29125,-1.50727,-3.16826,3.50853,66.9845,58.9139
95951,-0.741708,0.635108,0.374443,-1.20552,1.11615,-1.84063,2.15261,89.345,80.3295
95998,2.41834,0.186288,1.68558,-0.0673183,-0.732762,-0.253606,0.775407,85.4091,125.899
97229,-1.86808,0.644405,-1.40414,-0.192501,0.463939,-0.836906,0.956896,88.2291,74.8791
97826,-0.533111,1.10607,-1.16095,-1.71882,-0.627835,-2.82489,2.89382,66.9845,55.6718
98045,-2.4399,1.31386,2.58287,-0.180283,-1.26042,-1.49414,1.95477,20.3601,17.0392
98794,-0.0863219,0.663324,2.46533,-0.851497,2.55165,-1.51482,2.96742,88.6528,80.4815
98984,2.42806,2.23359,2.62919,-0.145169,0.20113,-2.37876,2.38725,89.6201,105.236
99321,-2.20272,1.67205,-2.24739,-0.698311,-0.0446734,-2.37036,2.37078,89.7384,75.1576
